Timestamp, Orientation x, Orientation y, Orientation z, Orientation w, Acceleration x, Acceleration y, Acceleration z, Rotation x, Rotation y, Rotation z, EMG 0, EMG 1, EMG 2, EMG 3, EMG 4, EMG 5, EMG 6, EMG 7
30384857, -11435, 5778, 10016, 1990, 2434, -578, -75, 7, -156, 163, 0, 0, 0, 0, 0, 0, 0, 0
30392370, -11420, 5792, 10028, 1972, 2453, -687, -41, -7, -121, 195, 0, 0, 0, 0, 0, 0, 0, 0
30414895, -11410, 5798, 10042, 1948, 2450, -698, -51, 58, -119, 189, 0, 0, 0, 0, 0, 0, 0, 0
30437383, -11398, 5789, 10062, 1936, 2464, -550, -83, 79, -97, 154, 0, 0, 0, 0, 0, 0, 0, 0
30453669, -11379, 5800, 10078, 1935, 2383, -500, -114, -44, -91, 197, 0, 0, 0, 0, 0, 0, 0, 0
30454461, -11379, 5800, 10078, 1935, 2383, -500, -114, -44, -91, 197, 70, 193, 292, 311, 123, 126, 102, 89
30455280, -11379, 5800, 10078, 1935, 2383, -500, -114, -44, -91, 197, 70, 193, 292, 311, 123, 126, 102, 89
30476204, -11355, 5824, 10093, 1925, 2322, -554, -148, -76, -115, 237, 70, 193, 292, 311, 123, 126, 102, 89
30477034, -11355, 5824, 10093, 1925, 2322, -554, -148, -76, -115, 237, 59, 181, 319, 321, 129, 111, 80, 88
30477805, -11355, 5824, 10093, 1925, 2322, -554, -148, -76, -115, 237, 59, 181, 319, 321, 129, 111, 80, 88
30498702, -11334, 5843, 10110, 1904, 2289, -569, -139, -14, -140, 248, 59, 181, 319, 321, 129, 111, 80, 88
30499484, -11334, 5843, 10110, 1904, 2289, -569, -139, -14, -140, 248, 63, 187, 305, 325, 155, 109, 82, 78
30500301, -11334, 5843, 10110, 1904, 2289, -569, -139, -14, -140, 248, 63, 187, 305, 325, 155, 109, 82, 78
30513661, -11312, 5862, 10128, 1881, 2316, -610, -143, -3, -157, 240, 63, 187, 305, 325, 155, 109, 82, 78
30514481, -11312, 5862, 10128, 1881, 2316, -610, -143, -3, -157, 240, 65, 182, 323, 387, 162, 119, 83, 82
30515301, -11312, 5862, 10128, 1881, 2316, -610, -143, -3, -157, 240, 65, 182, 323, 387, 162, 119, 83, 82
30536188, -11295, 5878, 10141, 1857, 2371, -620, -129, 11, -131, 255, 65, 182, 323, 387, 162, 119, 83, 82
30537004, -11295, 5878, 10141, 1857, 2371, -620, -129, 11, -131, 255, 57, 159, 309, 367, 158, 125, 111, 86
30537825, -11295, 5878, 10141, 1857, 2371, -620, -129, 11, -131, 255, 57, 159, 309, 367, 158, 125, 111, 86
30558672, -11276, 5889, 10159, 1841, 2353, -572, -161, 9, -130, 216, 57, 159, 309, 367, 158, 125, 111, 86
30559489, -11276, 5889, 10159, 1841, 2353, -572, -161, 9, -130, 216, 57, 159, 279, 375, 182, 135, 113, 85
30560283, -11276, 5889, 10159, 1841, 2353, -572, -161, 9, -130, 216, 57, 159, 279, 375, 182, 135, 113, 85
30573709, -11247, 5906, 10181, 1843, 2378, -574, -157, -99, -154, 163, 57, 159, 279, 375, 182, 135, 113, 85
30574479, -11247, 5906, 10181, 1843, 2378, -574, -157, -99, -154, 163, 60, 157, 248, 388, 203, 139, 110, 84
30575279, -11247, 5906, 10181, 1843, 2378, -574, -157, -99, -154, 163, 60, 157, 248, 388, 203, 139, 110, 84
30596201, -11220, 5932, 10196, 1842, 2450, -673, -121, -131, -157, 176, 60, 157, 248, 388, 203, 139, 110, 84
30597004, -11220, 5932, 10196, 1842, 2450, -673, -121, -131, -157, 176, 61, 149, 247, 375, 194, 126, 105, 85
30597801, -11220, 5932, 10196, 1842, 2450, -673, -121, -131, -157, 176, 61, 149, 247, 375, 194, 126, 105, 85
30618673, -11204, 5945, 10208, 1834, 2451, -663, -107, -44, -123, 184, 61, 149, 247, 375, 194, 126, 105, 85
30619459, -11204, 5945, 10208, 1834, 2451, -663, -107, -44, -123, 184, 62, 181, 212, 332, 195, 125, 113, 78
30620275, -11204, 5945, 10208, 1834, 2451, -663, -107, -44, -123, 184, 62, 181, 212, 332, 195, 125, 113, 78
30632987, -11190, 5955, 10219, 1823, 2435, -643, -111, -10, -123, 194, 62, 181, 212, 332, 195, 125, 113, 78
30633803, -11190, 5955, 10219, 1823, 2435, -643, -111, -10, -123, 194, 68, 183, 197, 369, 205, 130, 88, 65
30647312, -11190, 5955, 10219, 1823, 2435, -643, -111, -10, -123, 194, 68, 183, 197, 369, 205, 130, 88, 65
30657608, -11177, 5964, 10232, 1805, 2429, -613, -136, 18, -125, 232, 68, 183, 197, 369, 205, 130, 88, 65
30658385, -11177, 5964, 10232, 1805, 2429, -613, -136, 18, -125, 232, 70, 175, 193, 321, 188, 146, 87, 59
30659176, -11177, 5964, 10232, 1805, 2429, -613, -136, 18, -125, 232, 70, 175, 193, 321, 188, 146, 87, 59
30660000, -11177, 5964, 10232, 1805, 2429, -613, -136, 18, -125, 232, 70, 175, 193, 321, 188, 146, 87, 59
30664952, -11177, 5964, 10232, 1805, 2429, -613, -136, 18, -125, 232, 70, 175, 193, 321, 188, 146, 87, 59
30665751, -11177, 5964, 10232, 1805, 2429, -613, -136, 18, -125, 232, 70, 175, 193, 321, 188, 146, 87, 59
30666600, -11177, 5964, 10232, 1805, 2429, -613, -136, 18, -125, 232, 70, 175, 193, 321, 188, 146, 87, 59
30667402, -11177, 5964, 10232, 1805, 2429, -613, -136, 18, -125, 232, 70, 175, 193, 321, 188, 146, 87, 59
30669791, -11177, 5964, 10232, 1805, 2429, -613, -136, 18, -125, 232, 70, 175, 193, 321, 188, 146, 87, 59
30680097, -11165, 5968, 10244, 1792, 2396, -580, -143, 25, -109, 211, 70, 175, 193, 321, 188, 146, 87, 59
30680906, -11165, 5968, 10244, 1792, 2396, -580, -143, 25, -109, 211, 70, 185, 189, 302, 167, 149, 88, 49
30681706, -11165, 5968, 10244, 1792, 2396, -580, -143, 25, -109, 211, 70, 185, 189, 302, 167, 149, 88, 49
30682604, -11165, 5968, 10244, 1792, 2396, -580, -143, 25, -109, 211, 70, 185, 189, 302, 167, 149, 88, 49
30687437, -11165, 5968, 10244, 1792, 2396, -580, -143, 25, -109, 211, 70, 185, 189, 302, 167, 149, 88, 49
30688229, -11165, 5968, 10244, 1792, 2396, -580, -143, 25, -109, 211, 70, 185, 189, 302, 167, 149, 88, 49
30689054, -11165, 5968, 10244, 1792, 2396, -580, -143, 25, -109, 211, 70, 185, 189, 302, 167, 149, 88, 49
30689854, -11165, 5968, 10244, 1792, 2396, -580, -143, 25, -109, 211, 70, 185, 189, 302, 167, 149, 88, 49
30692961, -11165, 5968, 10244, 1792, 2396, -580, -143, 25, -109, 211, 70, 185, 189, 302, 167, 149, 88, 49
30693903, -11152, 5979, 10254, 1781, 2425, -664, -141, -15, -108, 192, 70, 185, 189, 302, 167, 149, 88, 49
30702603, -11152, 5979, 10254, 1781, 2425, -664, -141, -15, -108, 192, 64, 189, 190, 306, 164, 154, 88, 63
30703358, -11152, 5979, 10254, 1781, 2425, -664, -141, -15, -108, 192, 64, 189, 190, 306, 164, 154, 88, 63
30704191, -11152, 5979, 10254, 1781, 2425, -664, -141, -15, -108, 192, 64, 189, 190, 306, 164, 154, 88, 63
30705014, -11152, 5979, 10254, 1781, 2425, -664, -141, -15, -108, 192, 64, 189, 190, 306, 164, 154, 88, 63
30709313, -11152, 5979, 10254, 1781, 2425, -664, -141, -15, -108, 192, 64, 189, 190, 306, 164, 154, 88, 63
30710112, -11152, 5979, 10254, 1781, 2425, -664, -141, -15, -108, 192, 64, 189, 190, 306, 164, 154, 88, 63
30710935, -11152, 5979, 10254, 1781, 2425, -664, -141, -15, -108, 192, 64, 189, 190, 306, 164, 154, 88, 63
30711759, -11152, 5979, 10254, 1781, 2425, -664, -141, -15, -108, 192, 64, 189, 190, 306, 164, 154, 88, 63
30717615, -11147, 5983, 10262, 1752, 2409, -661, -154, 93, -99, 247, 64, 189, 190, 306, 164, 154, 88, 63
30718388, -11147, 5983, 10262, 1752, 2409, -661, -154, 93, -99, 247, 71, 154, 200, 294, 178, 146, 81, 62
30719219, -11147, 5983, 10262, 1752, 2409, -661, -154, 93, -99, 247, 71, 154, 200, 294, 178, 146, 81, 62
30720035, -11147, 5983, 10262, 1752, 2409, -661, -154, 93, -99, 247, 71, 154, 200, 294, 178, 146, 81, 62
30724997, -11147, 5983, 10262, 1752, 2409, -661, -154, 93, -99, 247, 71, 154, 200, 294, 178, 146, 81, 62
30725782, -11147, 5983, 10262, 1752, 2409, -661, -154, 93, -99, 247, 71, 154, 200, 294, 178, 146, 81, 62
30726707, -11147, 5983, 10262, 1752, 2409, -661, -154, 93, -99, 247, 71, 154, 200, 294, 178, 146, 81, 62
30727426, -11147, 5983, 10262, 1752, 2409, -661, -154, 93, -99, 247, 71, 154, 200, 294, 178, 146, 81, 62
30729812, -11147, 5983, 10262, 1752, 2409, -661, -154, 93, -99, 247, 71, 154, 200, 294, 178, 146, 81, 62
30740115, -11145, 5987, 10266, 1725, 2378, -630, -157, 91, -72, 269, 71, 154, 200, 294, 178, 146, 81, 62
30740934, -11145, 5987, 10266, 1725, 2378, -630, -157, 91, -72, 269, 65, 158, 195, 229, 159, 143, 74, 78
30741733, -11145, 5987, 10266, 1725, 2378, -630, -157, 91, -72, 269, 65, 158, 195, 229, 159, 143, 74, 78
30742609, -11145, 5987, 10266, 1725, 2378, -630, -157, 91, -72, 269, 65, 158, 195, 229, 159, 143, 74, 78
30747500, -11145, 5987, 10266, 1725, 2378, -630, -157, 91, -72, 269, 65, 158, 195, 229, 159, 143, 74, 78
30748279, -11145, 5987, 10266, 1725, 2378, -630, -157, 91, -72, 269, 65, 158, 195, 229, 159, 143, 74, 78
30749086, -11145, 5987, 10266, 1725, 2378, -630, -157, 91, -72, 269, 65, 158, 195, 229, 159, 143, 74, 78
30749888, -11145, 5987, 10266, 1725, 2378, -630, -157, 91, -72, 269, 65, 158, 195, 229, 159, 143, 74, 78
30760239, -11145, 5987, 10266, 1725, 2378, -630, -157, 91, -72, 269, 65, 158, 195, 229, 159, 143, 74, 78
30770070, -11145, 5994, 10268, 1693, 2335, -627, -173, 105, -54, 294, 65, 158, 195, 229, 159, 143, 74, 78
30770878, -11145, 5994, 10268, 1693, 2335, -627, -173, 105, -54, 294, 68, 140, 190, 263, 169, 122, 77, 86
30771676, -11145, 5994, 10268, 1693, 2335, -627, -173, 105, -54, 294, 68, 140, 190, 263, 169, 122, 77, 86
30778549, -11145, 5994, 10268, 1693, 2335, -627, -173, 105, -54, 294, 68, 140, 190, 263, 169, 122, 77, 86
30778555, -11145, 5994, 10268, 1693, 2335, -627, -173, 105, -54, 294, 68, 140, 190, 263, 169, 122, 77, 86
30778558, -11145, 5994, 10268, 1693, 2335, -627, -173, 105, -54, 294, 68, 140, 190, 263, 169, 122, 77, 86
30779105, -11145, 5994, 10268, 1693, 2335, -627, -173, 105, -54, 294, 68, 140, 190, 263, 169, 122, 77, 86
30779913, -11145, 5994, 10268, 1693, 2335, -627, -173, 105, -54, 294, 68, 140, 190, 263, 169, 122, 77, 86
30784968, -11145, 5994, 10268, 1693, 2335, -627, -173, 105, -54, 294, 68, 140, 190, 263, 169, 122, 77, 86
30785915, -11141, 6003, 10272, 1661, 2283, -647, -194, 91, -71, 279, 68, 140, 190, 263, 169, 122, 77, 86
30786711, -11141, 6003, 10272, 1661, 2283, -647, -194, 91, -71, 279, 66, 114, 171, 295, 175, 110, 78, 91
30787611, -11141, 6003, 10272, 1661, 2283, -647, -194, 91, -71, 279, 66, 114, 171, 295, 175, 110, 78, 91
30792537, -11141, 6003, 10272, 1661, 2283, -647, -194, 91, -71, 279, 66, 114, 171, 295, 175, 110, 78, 91
30793359, -11141, 6003, 10272, 1661, 2283, -647, -194, 91, -71, 279, 66, 114, 171, 295, 175, 110, 78, 91
30794159, -11141, 6003, 10272, 1661, 2283, -647, -194, 91, -71, 279, 66, 114, 171, 295, 175, 110, 78, 91
30794984, -11141, 6003, 10272, 1661, 2283, -647, -194, 91, -71, 279, 66, 114, 171, 295, 175, 110, 78, 91
30799939, -11141, 6003, 10272, 1661, 2283, -647, -194, 91, -71, 279, 66, 114, 171, 295, 175, 110, 78, 91
30800731, -11141, 6003, 10272, 1661, 2283, -647, -194, 91, -71, 279, 66, 114, 171, 295, 175, 110, 78, 91
30801621, -11141, 6003, 10272, 1661, 2283, -647, -194, 91, -71, 279, 66, 114, 171, 295, 175, 110, 78, 91
30802393, -11141, 6003, 10272, 1661, 2283, -647, -194, 91, -71, 279, 66, 114, 171, 295, 175, 110, 78, 91
30807543, -11141, 6003, 10272, 1661, 2283, -647, -194, 91, -71, 279, 66, 114, 171, 295, 175, 110, 78, 91
30808442, -11128, 6014, 10283, 1639, 2293, -736, -155, 24, -131, 189, 66, 114, 171, 295, 175, 110, 78, 91
30809251, -11128, 6014, 10283, 1639, 2293, -736, -155, 24, -131, 189, 69, 103, 151, 297, 169, 117, 89, 91
30810051, -11128, 6014, 10283, 1639, 2293, -736, -155, 24, -131, 189, 69, 103, 151, 297, 169, 117, 89, 91
30815078, -11128, 6014, 10283, 1639, 2293, -736, -155, 24, -131, 189, 69, 103, 151, 297, 169, 117, 89, 91
30815875, -11128, 6014, 10283, 1639, 2293, -736, -155, 24, -131, 189, 69, 103, 151, 297, 169, 117, 89, 91
30816701, -11128, 6014, 10283, 1639, 2293, -736, -155, 24, -131, 189, 69, 103, 151, 297, 169, 117, 89, 91
30817522, -11128, 6014, 10283, 1639, 2293, -736, -155, 24, -131, 189, 69, 103, 151, 297, 169, 117, 89, 91
30822466, -11128, 6014, 10283, 1639, 2293, -736, -155, 24, -131, 189, 69, 103, 151, 297, 169, 117, 89, 91
30825610, -11128, 6014, 10283, 1639, 2293, -736, -155, 24, -131, 189, 69, 103, 151, 297, 169, 117, 89, 91
30825615, -11128, 6014, 10283, 1639, 2293, -736, -155, 24, -131, 189, 69, 103, 151, 297, 169, 117, 89, 91
30825618, -11128, 6014, 10283, 1639, 2293, -736, -155, 24, -131, 189, 69, 103, 151, 297, 169, 117, 89, 91
30830013, -11128, 6014, 10283, 1639, 2293, -736, -155, 24, -131, 189, 69, 103, 151, 297, 169, 117, 89, 91
30830917, -11121, 6007, 10298, 1616, 2315, -784, -109, 96, -150, 105, 69, 103, 151, 297, 169, 117, 89, 91
30831730, -11121, 6007, 10298, 1616, 2315, -784, -109, 96, -150, 105, 72, 112, 155, 341, 144, 126, 83, 103
30832635, -11121, 6007, 10298, 1616, 2315, -784, -109, 96, -150, 105, 72, 112, 155, 341, 144, 126, 83, 103
30837625, -11121, 6007, 10298, 1616, 2315, -784, -109, 96, -150, 105, 72, 112, 155, 341, 144, 126, 83, 103
30838363, -11121, 6007, 10298, 1616, 2315, -784, -109, 96, -150, 105, 72, 112, 155, 341, 144, 126, 83, 103
30839181, -11121, 6007, 10298, 1616, 2315, -784, -109, 96, -150, 105, 72, 112, 155, 341, 144, 126, 83, 103
30839983, -11121, 6007, 10298, 1616, 2315, -784, -109, 96, -150, 105, 72, 112, 155, 341, 144, 126, 83, 103
30844940, -11121, 6007, 10298, 1616, 2315, -784, -109, 96, -150, 105, 72, 112, 155, 341, 144, 126, 83, 103
30845767, -11121, 6007, 10298, 1616, 2315, -784, -109, 96, -150, 105, 72, 112, 155, 341, 144, 126, 83, 103
30846611, -11121, 6007, 10298, 1616, 2315, -784, -109, 96, -150, 105, 72, 112, 155, 341, 144, 126, 83, 103
30847387, -11121, 6007, 10298, 1616, 2315, -784, -109, 96, -150, 105, 72, 112, 155, 341, 144, 126, 83, 103
30852474, -11121, 6007, 10298, 1616, 2315, -784, -109, 96, -150, 105, 72, 112, 155, 341, 144, 126, 83, 103
30853389, -11109, 5992, 10323, 1598, 2300, -759, -131, 109, -178, 43, 72, 112, 155, 341, 144, 126, 83, 103
30854213, -11109, 5992, 10323, 1598, 2300, -759, -131, 109, -178, 43, 71, 151, 152, 368, 166, 128, 83, 93
30855011, -11109, 5992, 10323, 1598, 2300, -759, -131, 109, -178, 43, 71, 151, 152, 368, 166, 128, 83, 93
30860035, -11109, 5992, 10323, 1598, 2300, -759, -131, 109, -178, 43, 71, 151, 152, 368, 166, 128, 83, 93
30860835, -11109, 5992, 10323, 1598, 2300, -759, -131, 109, -178, 43, 71, 151, 152, 368, 166, 128, 83, 93
30861660, -11109, 5992, 10323, 1598, 2300, -759, -131, 109, -178, 43, 71, 151, 152, 368, 166, 128, 83, 93
30862462, -11109, 5992, 10323, 1598, 2300, -759, -131, 109, -178, 43, 71, 151, 152, 368, 166, 128, 83, 93
30867428, -11109, 5992, 10323, 1598, 2300, -759, -131, 109, -178, 43, 71, 151, 152, 368, 166, 128, 83, 93
30868237, -11109, 5992, 10323, 1598, 2300, -759, -131, 109, -178, 43, 71, 151, 152, 368, 166, 128, 83, 93
30869062, -11109, 5992, 10323, 1598, 2300, -759, -131, 109, -178, 43, 71, 151, 152, 368, 166, 128, 83, 93
30869876, -11109, 5992, 10323, 1598, 2300, -759, -131, 109, -178, 43, 71, 151, 152, 368, 166, 128, 83, 93
30874999, -11109, 5992, 10323, 1598, 2300, -759, -131, 109, -178, 43, 71, 151, 152, 368, 166, 128, 83, 93
30875932, -11088, 5974, 10357, 1586, 2347, -696, -151, 91, -225, 26, 71, 151, 152, 368, 166, 128, 83, 93
30876725, -11088, 5974, 10357, 1586, 2347, -696, -151, 91, -225, 26, 66, 160, 158, 346, 180, 125, 77, 90
30877601, -11088, 5974, 10357, 1586, 2347, -696, -151, 91, -225, 26, 66, 160, 158, 346, 180, 125, 77, 90
30882622, -11088, 5974, 10357, 1586, 2347, -696, -151, 91, -225, 26, 66, 160, 158, 346, 180, 125, 77, 90
30883384, -11088, 5974, 10357, 1586, 2347, -696, -151, 91, -225, 26, 66, 160, 158, 346, 180, 125, 77, 90
30884179, -11088, 5974, 10357, 1586, 2347, -696, -151, 91, -225, 26, 66, 160, 158, 346, 180, 125, 77, 90
30885004, -11088, 5974, 10357, 1586, 2347, -696, -151, 91, -225, 26, 66, 160, 158, 346, 180, 125, 77, 90
30889959, -11088, 5974, 10357, 1586, 2347, -696, -151, 91, -225, 26, 66, 160, 158, 346, 180, 125, 77, 90
30890781, -11088, 5974, 10357, 1586, 2347, -696, -151, 91, -225, 26, 66, 160, 158, 346, 180, 125, 77, 90
30891604, -11088, 5974, 10357, 1586, 2347, -696, -151, 91, -225, 26, 66, 160, 158, 346, 180, 125, 77, 90
30892414, -11088, 5974, 10357, 1586, 2347, -696, -151, 91, -225, 26, 66, 160, 158, 346, 180, 125, 77, 90
30897458, -11088, 5974, 10357, 1586, 2347, -696, -151, 91, -225, 26, 66, 160, 158, 346, 180, 125, 77, 90
30898406, -11068, 5964, 10385, 1581, 2459, -709, -147, 34, -200, 57, 66, 160, 158, 346, 180, 125, 77, 90
30899228, -11068, 5964, 10385, 1581, 2459, -709, -147, 34, -200, 57, 69, 175, 256, 357, 174, 126, 79, 100
30900028, -11068, 5964, 10385, 1581, 2459, -709, -147, 34, -200, 57, 69, 175, 256, 357, 174, 126, 79, 100
30905039, -11068, 5964, 10385, 1581, 2459, -709, -147, 34, -200, 57, 69, 175, 256, 357, 174, 126, 79, 100
30905860, -11068, 5964, 10385, 1581, 2459, -709, -147, 34, -200, 57, 69, 175, 256, 357, 174, 126, 79, 100
30906679, -11068, 5964, 10385, 1581, 2459, -709, -147, 34, -200, 57, 69, 175, 256, 357, 174, 126, 79, 100
30907481, -11068, 5964, 10385, 1581, 2459, -709, -147, 34, -200, 57, 69, 175, 256, 357, 174, 126, 79, 100
30912429, -11068, 5964, 10385, 1581, 2459, -709, -147, 34, -200, 57, 69, 175, 256, 357, 174, 126, 79, 100
30913253, -11068, 5964, 10385, 1581, 2459, -709, -147, 34, -200, 57, 69, 175, 256, 357, 174, 126, 79, 100
30914053, -11068, 5964, 10385, 1581, 2459, -709, -147, 34, -200, 57, 69, 175, 256, 357, 174, 126, 79, 100
30914878, -11068, 5964, 10385, 1581, 2459, -709, -147, 34, -200, 57, 69, 175, 256, 357, 174, 126, 79, 100
30919953, -11068, 5964, 10385, 1581, 2459, -709, -147, 34, -200, 57, 69, 175, 256, 357, 174, 126, 79, 100
30920882, -11062, 5951, 10401, 1565, 2503, -740, -157, 104, -125, 110, 69, 175, 256, 357, 174, 126, 79, 100
30921703, -11062, 5951, 10401, 1565, 2503, -740, -157, 104, -125, 110, 82, 177, 267, 383, 199, 113, 65, 94
30922507, -11062, 5951, 10401, 1565, 2503, -740, -157, 104, -125, 110, 82, 177, 267, 383, 199, 113, 65, 94
30927532, -11062, 5951, 10401, 1565, 2503, -740, -157, 104, -125, 110, 82, 177, 267, 383, 199, 113, 65, 94
30928332, -11062, 5951, 10401, 1565, 2503, -740, -157, 104, -125, 110, 82, 177, 267, 383, 199, 113, 65, 94
30929150, -11062, 5951, 10401, 1565, 2503, -740, -157, 104, -125, 110, 82, 177, 267, 383, 199, 113, 65, 94
30929971, -11062, 5951, 10401, 1565, 2503, -740, -157, 104, -125, 110, 82, 177, 267, 383, 199, 113, 65, 94
30935004, -11062, 5951, 10401, 1565, 2503, -740, -157, 104, -125, 110, 82, 177, 267, 383, 199, 113, 65, 94
30935789, -11062, 5951, 10401, 1565, 2503, -740, -157, 104, -125, 110, 82, 177, 267, 383, 199, 113, 65, 94
30936611, -11062, 5951, 10401, 1565, 2503, -740, -157, 104, -125, 110, 82, 177, 267, 383, 199, 113, 65, 94
30937412, -11062, 5951, 10401, 1565, 2503, -740, -157, 104, -125, 110, 82, 177, 267, 383, 199, 113, 65, 94
30942485, -11062, 5951, 10401, 1565, 2503, -740, -157, 104, -125, 110, 82, 177, 267, 383, 199, 113, 65, 94
30943437, -11068, 5925, 10413, 1543, 2452, -700, -174, 200, -61, 108, 82, 177, 267, 383, 199, 113, 65, 94
30944234, -11068, 5925, 10413, 1543, 2452, -700, -174, 200, -61, 108, 83, 183, 268, 367, 197, 114, 79, 80
30945059, -11068, 5925, 10413, 1543, 2452, -700, -174, 200, -61, 108, 83, 183, 268, 367, 197, 114, 79, 80
30949843, -11068, 5925, 10413, 1543, 2452, -700, -174, 200, -61, 108, 83, 183, 268, 367, 197, 114, 79, 80
30950636, -11068, 5925, 10413, 1543, 2452, -700, -174, 200, -61, 108, 83, 183, 268, 367, 197, 114, 79, 80
30951461, -11068, 5925, 10413, 1543, 2452, -700, -174, 200, -61, 108, 83, 183, 268, 367, 197, 114, 79, 80
30952259, -11068, 5925, 10413, 1543, 2452, -700, -174, 200, -61, 108, 83, 183, 268, 367, 197, 114, 79, 80
30957459, -11068, 5925, 10413, 1543, 2452, -700, -174, 200, -61, 108, 83, 183, 268, 367, 197, 114, 79, 80
30958259, -11068, 5925, 10413, 1543, 2452, -700, -174, 200, -61, 108, 83, 183, 268, 367, 197, 114, 79, 80
30959083, -11068, 5925, 10413, 1543, 2452, -700, -174, 200, -61, 108, 83, 183, 268, 367, 197, 114, 79, 80
30959882, -11068, 5925, 10413, 1543, 2452, -700, -174, 200, -61, 108, 83, 183, 268, 367, 197, 114, 79, 80
30964976, -11068, 5925, 10413, 1543, 2452, -700, -174, 200, -61, 108, 83, 183, 268, 367, 197, 114, 79, 80
30965915, -11081, 5900, 10418, 1523, 2471, -733, -111, 192, -34, 112, 83, 183, 268, 367, 197, 114, 79, 80
30966699, -11081, 5900, 10418, 1523, 2471, -733, -111, 192, -34, 112, 81, 150, 275, 352, 183, 106, 85, 79
30967597, -11081, 5900, 10418, 1523, 2471, -733, -111, 192, -34, 112, 81, 150, 275, 352, 183, 106, 85, 79
30972551, -11081, 5900, 10418, 1523, 2471, -733, -111, 192, -34, 112, 81, 150, 275, 352, 183, 106, 85, 79
30973411, -11081, 5900, 10418, 1523, 2471, -733, -111, 192, -34, 112, 81, 150, 275, 352, 183, 106, 85, 79
30974327, -11081, 5900, 10418, 1523, 2471, -733, -111, 192, -34, 112, 81, 150, 275, 352, 183, 106, 85, 79
30977550, -11081, 5900, 10418, 1523, 2471, -733, -111, 192, -34, 112, 81, 150, 275, 352, 183, 106, 85, 79
30980234, -11081, 5900, 10418, 1523, 2471, -733, -111, 192, -34, 112, 81, 150, 275, 352, 183, 106, 85, 79
30980744, -11081, 5900, 10418, 1523, 2471, -733, -111, 192, -34, 112, 81, 150, 275, 352, 183, 106, 85, 79
30981616, -11081, 5900, 10418, 1523, 2471, -733, -111, 192, -34, 112, 81, 150, 275, 352, 183, 106, 85, 79
30982368, -11081, 5900, 10418, 1523, 2471, -733, -111, 192, -34, 112, 81, 150, 275, 352, 183, 106, 85, 79
30987514, -11081, 5900, 10418, 1523, 2471, -733, -111, 192, -34, 112, 81, 150, 275, 352, 183, 106, 85, 79
30988437, -11102, 5869, 10415, 1505, 2531, -776, -85, 212, 16, 95, 81, 150, 275, 352, 183, 106, 85, 79
30989258, -11102, 5869, 10415, 1505, 2531, -776, -85, 212, 16, 95, 81, 157, 282, 341, 151, 117, 90, 85
30990058, -11102, 5869, 10415, 1505, 2531, -776, -85, 212, 16, 95, 81, 157, 282, 341, 151, 117, 90, 85
30995079, -11102, 5869, 10415, 1505, 2531, -776, -85, 212, 16, 95, 81, 157, 282, 341, 151, 117, 90, 85
30995886, -11102, 5869, 10415, 1505, 2531, -776, -85, 212, 16, 95, 81, 157, 282, 341, 151, 117, 90, 85
30996713, -11102, 5869, 10415, 1505, 2531, -776, -85, 212, 16, 95, 81, 157, 282, 341, 151, 117, 90, 85
30997512, -11102, 5869, 10415, 1505, 2531, -776, -85, 212, 16, 95, 81, 157, 282, 341, 151, 117, 90, 85
31002459, -11102, 5869, 10415, 1505, 2531, -776, -85, 212, 16, 95, 81, 157, 282, 341, 151, 117, 90, 85
31003294, -11102, 5869, 10415, 1505, 2531, -776, -85, 212, 16, 95, 81, 157, 282, 341, 151, 117, 90, 85
31004087, -11102, 5869, 10415, 1505, 2531, -776, -85, 212, 16, 95, 81, 157, 282, 341, 151, 117, 90, 85
31004922, -11102, 5869, 10415, 1505, 2531, -776, -85, 212, 16, 95, 81, 157, 282, 341, 151, 117, 90, 85
31009999, -11102, 5869, 10415, 1505, 2531, -776, -85, 212, 16, 95, 81, 157, 282, 341, 151, 117, 90, 85
31011037, -11129, 5830, 10410, 1497, 2476, -649, -104, 228, 90, 84, 81, 157, 282, 341, 151, 117, 90, 85
31011736, -11129, 5830, 10410, 1497, 2476, -649, -104, 228, 90, 84, 85, 154, 210, 335, 158, 134, 117, 75
31012610, -11129, 5830, 10410, 1497, 2476, -649, -104, 228, 90, 84, 85, 154, 210, 335, 158, 134, 117, 75
31017605, -11129, 5830, 10410, 1497, 2476, -649, -104, 228, 90, 84, 85, 154, 210, 335, 158, 134, 117, 75
31018356, -11129, 5830, 10410, 1497, 2476, -649, -104, 228, 90, 84, 85, 154, 210, 335, 158, 134, 117, 75
31019176, -11129, 5830, 10410, 1497, 2476, -649, -104, 228, 90, 84, 85, 154, 210, 335, 158, 134, 117, 75
31019975, -11129, 5830, 10410, 1497, 2476, -649, -104, 228, 90, 84, 85, 154, 210, 335, 158, 134, 117, 75
31024926, -11129, 5830, 10410, 1497, 2476, -649, -104, 228, 90, 84, 85, 154, 210, 335, 158, 134, 117, 75
31025767, -11129, 5830, 10410, 1497, 2476, -649, -104, 228, 90, 84, 85, 154, 210, 335, 158, 134, 117, 75
31026612, -11129, 5830, 10410, 1497, 2476, -649, -104, 228, 90, 84, 85, 154, 210, 335, 158, 134, 117, 75
31027386, -11129, 5830, 10410, 1497, 2476, -649, -104, 228, 90, 84, 85, 154, 210, 335, 158, 134, 117, 75
31032461, -11129, 5830, 10410, 1497, 2476, -649, -104, 228, 90, 84, 85, 154, 210, 335, 158, 134, 117, 75
31033389, -11154, 5800, 10399, 1499, 2426, -601, -138, 159, 147, 101, 85, 154, 210, 335, 158, 134, 117, 75
31034206, -11154, 5800, 10399, 1499, 2426, -601, -138, 159, 147, 101, 70, 149, 188, 375, 151, 142, 118, 74
31035007, -11154, 5800, 10399, 1499, 2426, -601, -138, 159, 147, 101, 70, 149, 188, 375, 151, 142, 118, 74
31040031, -11154, 5800, 10399, 1499, 2426, -601, -138, 159, 147, 101, 70, 149, 188, 375, 151, 142, 118, 74
31040833, -11154, 5800, 10399, 1499, 2426, -601, -138, 159, 147, 101, 70, 149, 188, 375, 151, 142, 118, 74
31041657, -11154, 5800, 10399, 1499, 2426, -601, -138, 159, 147, 101, 70, 149, 188, 375, 151, 142, 118, 74
31042461, -11154, 5800, 10399, 1499, 2426, -601, -138, 159, 147, 101, 70, 149, 188, 375, 151, 142, 118, 74
31047405, -11154, 5800, 10399, 1499, 2426, -601, -138, 159, 147, 101, 70, 149, 188, 375, 151, 142, 118, 74
31048231, -11154, 5800, 10399, 1499, 2426, -601, -138, 159, 147, 101, 70, 149, 188, 375, 151, 142, 118, 74
31049055, -11154, 5800, 10399, 1499, 2426, -601, -138, 159, 147, 101, 70, 149, 188, 375, 151, 142, 118, 74
31049855, -11154, 5800, 10399, 1499, 2426, -601, -138, 159, 147, 101, 70, 149, 188, 375, 151, 142, 118, 74
31054983, -11154, 5800, 10399, 1499, 2426, -601, -138, 159, 147, 101, 70, 149, 188, 375, 151, 142, 118, 74
31055929, -11183, 5764, 10388, 1499, 2399, -625, -164, 203, 175, 74, 70, 149, 188, 375, 151, 142, 118, 74
31056725, -11183, 5764, 10388, 1499, 2399, -625, -164, 203, 175, 74, 61, 147, 205, 380, 170, 130, 110, 88
31057600, -11183, 5764, 10388, 1499, 2399, -625, -164, 203, 175, 74, 61, 147, 205, 380, 170, 130, 110, 88
31062603, -11183, 5764, 10388, 1499, 2399, -625, -164, 203, 175, 74, 61, 147, 205, 380, 170, 130, 110, 88
31063378, -11183, 5764, 10388, 1499, 2399, -625, -164, 203, 175, 74, 61, 147, 205, 380, 170, 130, 110, 88
31064175, -11183, 5764, 10388, 1499, 2399, -625, -164, 203, 175, 74, 61, 147, 205, 380, 170, 130, 110, 88
31065020, -11183, 5764, 10388, 1499, 2399, -625, -164, 203, 175, 74, 61, 147, 205, 380, 170, 130, 110, 88
31069964, -11183, 5764, 10388, 1499, 2399, -625, -164, 203, 175, 74, 61, 147, 205, 380, 170, 130, 110, 88
31070777, -11183, 5764, 10388, 1499, 2399, -625, -164, 203, 175, 74, 61, 147, 205, 380, 170, 130, 110, 88
31071600, -11183, 5764, 10388, 1499, 2399, -625, -164, 203, 175, 74, 61, 147, 205, 380, 170, 130, 110, 88
31072404, -11183, 5764, 10388, 1499, 2399, -625, -164, 203, 175, 74, 61, 147, 205, 380, 170, 130, 110, 88
31077466, -11183, 5764, 10388, 1499, 2399, -625, -164, 203, 175, 74, 61, 147, 205, 380, 170, 130, 110, 88
31078411, -11211, 5722, 10380, 1499, 2384, -699, -96, 216, 137, -4, 61, 147, 205, 380, 170, 130, 110, 88
31079201, -11211, 5722, 10380, 1499, 2384, -699, -96, 216, 137, -4, 67, 146, 200, 374, 171, 137, 118, 86
31080025, -11211, 5722, 10380, 1499, 2384, -699, -96, 216, 137, -4, 67, 146, 200, 374, 171, 137, 118, 86
31085036, -11211, 5722, 10380, 1499, 2384, -699, -96, 216, 137, -4, 67, 146, 200, 374, 171, 137, 118, 86
31085854, -11211, 5722, 10380, 1499, 2384, -699, -96, 216, 137, -4, 67, 146, 200, 374, 171, 137, 118, 86
31086685, -11211, 5722, 10380, 1499, 2384, -699, -96, 216, 137, -4, 67, 146, 200, 374, 171, 137, 118, 86
31087479, -11211, 5722, 10380, 1499, 2384, -699, -96, 216, 137, -4, 67, 146, 200, 374, 171, 137, 118, 86
31092548, -11211, 5722, 10380, 1499, 2384, -699, -96, 216, 137, -4, 67, 146, 200, 374, 171, 137, 118, 86
31093267, -11211, 5722, 10380, 1499, 2384, -699, -96, 216, 137, -4, 67, 146, 200, 374, 171, 137, 118, 86
31094060, -11211, 5722, 10380, 1499, 2384, -699, -96, 216, 137, -4, 67, 146, 200, 374, 171, 137, 118, 86
31094883, -11211, 5722, 10380, 1499, 2384, -699, -96, 216, 137, -4, 67, 146, 200, 374, 171, 137, 118, 86
31099936, -11211, 5722, 10380, 1499, 2384, -699, -96, 216, 137, -4, 67, 146, 200, 374, 171, 137, 118, 86
31100878, -11236, 5677, 10378, 1501, 2531, -954, 80, 174, 23, -141, 67, 146, 200, 374, 171, 137, 118, 86
31101678, -11236, 5677, 10378, 1501, 2531, -954, 80, 174, 23, -141, 67, 139, 189, 379, 175, 155, 115, 80
31102504, -11236, 5677, 10378, 1501, 2531, -954, 80, 174, 23, -141, 67, 139, 189, 379, 175, 155, 115, 80
31107513, -11236, 5677, 10378, 1501, 2531, -954, 80, 174, 23, -141, 67, 139, 189, 379, 175, 155, 115, 80
31108344, -11236, 5677, 10378, 1501, 2531, -954, 80, 174, 23, -141, 67, 139, 189, 379, 175, 155, 115, 80
31109158, -11236, 5677, 10378, 1501, 2531, -954, 80, 174, 23, -141, 67, 139, 189, 379, 175, 155, 115, 80
31109956, -11236, 5677, 10378, 1501, 2531, -954, 80, 174, 23, -141, 67, 139, 189, 379, 175, 155, 115, 80
31114907, -11236, 5677, 10378, 1501, 2531, -954, 80, 174, 23, -141, 67, 139, 189, 379, 175, 155, 115, 80
31115730, -11236, 5677, 10378, 1501, 2531, -954, 80, 174, 23, -141, 67, 139, 189, 379, 175, 155, 115, 80
31116604, -11236, 5677, 10378, 1501, 2531, -954, 80, 174, 23, -141, 67, 139, 189, 379, 175, 155, 115, 80
31117283, -11236, 5677, 10378, 1501, 2531, -954, 80, 174, 23, -141, 67, 139, 189, 379, 175, 155, 115, 80
31122480, -11236, 5677, 10378, 1501, 2531, -954, 80, 174, 23, -141, 67, 139, 189, 379, 175, 155, 115, 80
31123406, -11260, 5597, 10391, 1529, 2676, -757, 91, 226, 25, -276, 67, 139, 189, 379, 175, 155, 115, 80
31124231, -11260, 5597, 10391, 1529, 2676, -757, 91, 226, 25, -276, 67, 134, 192, 384, 174, 174, 96, 73
31125030, -11260, 5597, 10391, 1529, 2676, -757, 91, 226, 25, -276, 67, 134, 192, 384, 174, 174, 96, 73
31130055, -11260, 5597, 10391, 1529, 2676, -757, 91, 226, 25, -276, 67, 134, 192, 384, 174, 174, 96, 73
31130855, -11260, 5597, 10391, 1529, 2676, -757, 91, 226, 25, -276, 67, 134, 192, 384, 174, 174, 96, 73
31131680, -11260, 5597, 10391, 1529, 2676, -757, 91, 226, 25, -276, 67, 134, 192, 384, 174, 174, 96, 73
31132483, -11260, 5597, 10391, 1529, 2676, -757, 91, 226, 25, -276, 67, 134, 192, 384, 174, 174, 96, 73
31137435, -11260, 5597, 10391, 1529, 2676, -757, 91, 226, 25, -276, 67, 134, 192, 384, 174, 174, 96, 73
31138253, -11260, 5597, 10391, 1529, 2676, -757, 91, 226, 25, -276, 67, 134, 192, 384, 174, 174, 96, 73
31139075, -11260, 5597, 10391, 1529, 2676, -757, 91, 226, 25, -276, 67, 134, 192, 384, 174, 174, 96, 73
31139874, -11260, 5597, 10391, 1529, 2676, -757, 91, 226, 25, -276, 67, 134, 192, 384, 174, 174, 96, 73
31144051, -11260, 5597, 10391, 1529, 2676, -757, 91, 226, 25, -276, 67, 134, 192, 384, 174, 174, 96, 73
31144982, -11254, 5552, 10411, 1595, 2528, -447, -61, -64, 31, -210, 67, 134, 192, 384, 174, 174, 96, 73
31145822, -11254, 5552, 10411, 1595, 2528, -447, -61, -64, 31, -210, 77, 133, 203, 324, 146, 170, 97, 75
31152536, -11254, 5552, 10411, 1595, 2528, -447, -61, -64, 31, -210, 77, 133, 203, 324, 146, 170, 97, 75
31153333, -11254, 5552, 10411, 1595, 2528, -447, -61, -64, 31, -210, 77, 133, 203, 324, 146, 170, 97, 75
31154158, -11254, 5552, 10411, 1595, 2528, -447, -61, -64, 31, -210, 77, 133, 203, 324, 146, 170, 97, 75
31154983, -11254, 5552, 10411, 1595, 2528, -447, -61, -64, 31, -210, 77, 133, 203, 324, 146, 170, 97, 75
31159984, -11254, 5552, 10411, 1595, 2528, -447, -61, -64, 31, -210, 77, 133, 203, 324, 146, 170, 97, 75
31160783, -11254, 5552, 10411, 1595, 2528, -447, -61, -64, 31, -210, 77, 133, 203, 324, 146, 170, 97, 75
31161609, -11254, 5552, 10411, 1595, 2528, -447, -61, -64, 31, -210, 77, 133, 203, 324, 146, 170, 97, 75
31162436, -11254, 5552, 10411, 1595, 2528, -447, -61, -64, 31, -210, 77, 133, 203, 324, 146, 170, 97, 75
31167611, -11220, 5551, 10436, 1677, 2362, -363, -231, -301, 7, -137, 77, 133, 203, 324, 146, 170, 97, 75
31168363, -11220, 5551, 10436, 1677, 2362, -363, -231, -301, 7, -137, 73, 139, 185, 312, 133, 169, 102, 74
31169182, -11220, 5551, 10436, 1677, 2362, -363, -231, -301, 7, -137, 73, 139, 185, 312, 133, 169, 102, 74
31170008, -11220, 5551, 10436, 1677, 2362, -363, -231, -301, 7, -137, 73, 139, 185, 312, 133, 169, 102, 74
31174971, -11220, 5551, 10436, 1677, 2362, -363, -231, -301, 7, -137, 73, 139, 185, 312, 133, 169, 102, 74
31175752, -11220, 5551, 10436, 1677, 2362, -363, -231, -301, 7, -137, 73, 139, 185, 312, 133, 169, 102, 74
31176600, -11220, 5551, 10436, 1677, 2362, -363, -231, -301, 7, -137, 73, 139, 185, 312, 133, 169, 102, 74
31177378, -11220, 5551, 10436, 1677, 2362, -363, -231, -301, 7, -137, 73, 139, 185, 312, 133, 169, 102, 74
31182471, -11220, 5551, 10436, 1677, 2362, -363, -231, -301, 7, -137, 73, 139, 185, 312, 133, 169, 102, 74
31183413, -11190, 5551, 10459, 1737, 2267, -447, -251, -227, -8, -111, 73, 139, 185, 312, 133, 169, 102, 74
31184209, -11190, 5551, 10459, 1737, 2267, -447, -251, -227, -8, -111, 66, 141, 204, 308, 128, 173, 95, 82
31185033, -11190, 5551, 10459, 1737, 2267, -447, -251, -227, -8, -111, 66, 141, 204, 308, 128, 173, 95, 82
31189984, -11190, 5551, 10459, 1737, 2267, -447, -251, -227, -8, -111, 66, 141, 204, 308, 128, 173, 95, 82
31190784, -11190, 5551, 10459, 1737, 2267, -447, -251, -227, -8, -111, 66, 141, 204, 308, 128, 173, 95, 82
31191610, -11190, 5551, 10459, 1737, 2267, -447, -251, -227, -8, -111, 66, 141, 204, 308, 128, 173, 95, 82
31192429, -11190, 5551, 10459, 1737, 2267, -447, -251, -227, -8, -111, 66, 141, 204, 308, 128, 173, 95, 82
31197434, -11190, 5551, 10459, 1737, 2267, -447, -251, -227, -8, -111, 66, 141, 204, 308, 128, 173, 95, 82
31198234, -11190, 5551, 10459, 1737, 2267, -447, -251, -227, -8, -111, 66, 141, 204, 308, 128, 173, 95, 82
31199059, -11190, 5551, 10459, 1737, 2267, -447, -251, -227, -8, -111, 66, 141, 204, 308, 128, 173, 95, 82
31199883, -11190, 5551, 10459, 1737, 2267, -447, -251, -227, -8, -111, 66, 141, 204, 308, 128, 173, 95, 82
31205711, -11190, 5551, 10459, 1737, 2267, -447, -251, -227, -8, -111, 66, 141, 204, 308, 128, 173, 95, 82
31205901, -11186, 5526, 10473, 1753, 2352, -570, -199, 59, 21, -60, 66, 141, 204, 308, 128, 173, 95, 82
31206685, -11186, 5526, 10473, 1753, 2352, -570, -199, 59, 21, -60, 66, 135, 198, 321, 132, 158, 93, 81
31207513, -11186, 5526, 10473, 1753, 2352, -570, -199, 59, 21, -60, 66, 135, 198, 321, 132, 158, 93, 81
31212510, -11186, 5526, 10473, 1753, 2352, -570, -199, 59, 21, -60, 66, 135, 198, 321, 132, 158, 93, 81
31213335, -11186, 5526, 10473, 1753, 2352, -570, -199, 59, 21, -60, 66, 135, 198, 321, 132, 158, 93, 81
31214134, -11186, 5526, 10473, 1753, 2352, -570, -199, 59, 21, -60, 66, 135, 198, 321, 132, 158, 93, 81
31214974, -11186, 5526, 10473, 1753, 2352, -570, -199, 59, 21, -60, 66, 135, 198, 321, 132, 158, 93, 81
31219972, -11186, 5526, 10473, 1753, 2352, -570, -199, 59, 21, -60, 66, 135, 198, 321, 132, 158, 93, 81
31220809, -11186, 5526, 10473, 1753, 2352, -570, -199, 59, 21, -60, 66, 135, 198, 321, 132, 158, 93, 81
31221610, -11186, 5526, 10473, 1753, 2352, -570, -199, 59, 21, -60, 66, 135, 198, 321, 132, 158, 93, 81
31222407, -11186, 5526, 10473, 1753, 2352, -570, -199, 59, 21, -60, 66, 135, 198, 321, 132, 158, 93, 81
31227532, -11186, 5526, 10473, 1753, 2352, -570, -199, 59, 21, -60, 66, 135, 198, 321, 132, 158, 93, 81
31228437, -11201, 5474, 10486, 1747, 2346, -467, -198, 281, 72, -11, 66, 135, 198, 321, 132, 158, 93, 81
31229251, -11201, 5474, 10486, 1747, 2346, -467, -198, 281, 72, -11, 58, 132, 188, 293, 133, 136, 86, 87
31230049, -11201, 5474, 10486, 1747, 2346, -467, -198, 281, 72, -11, 58, 132, 188, 293, 133, 136, 86, 87
31235089, -11201, 5474, 10486, 1747, 2346, -467, -198, 281, 72, -11, 58, 132, 188, 293, 133, 136, 86, 87
31235861, -11201, 5474, 10486, 1747, 2346, -467, -198, 281, 72, -11, 58, 132, 188, 293, 133, 136, 86, 87
31236681, -11201, 5474, 10486, 1747, 2346, -467, -198, 281, 72, -11, 58, 132, 188, 293, 133, 136, 86, 87
31237484, -11201, 5474, 10486, 1747, 2346, -467, -198, 281, 72, -11, 58, 132, 188, 293, 133, 136, 86, 87
31242475, -11201, 5474, 10486, 1747, 2346, -467, -198, 281, 72, -11, 58, 132, 188, 293, 133, 136, 86, 87
31243296, -11201, 5474, 10486, 1747, 2346, -467, -198, 281, 72, -11, 58, 132, 188, 293, 133, 136, 86, 87
31244096, -11201, 5474, 10486, 1747, 2346, -467, -198, 281, 72, -11, 58, 132, 188, 293, 133, 136, 86, 87
31244951, -11201, 5474, 10486, 1747, 2346, -467, -198, 281, 72, -11, 58, 132, 188, 293, 133, 136, 86, 87
31250012, -11201, 5474, 10486, 1747, 2346, -467, -198, 281, 72, -11, 58, 132, 188, 293, 133, 136, 86, 87
31250897, -11198, 5449, 10498, 1769, 2352, -477, -231, 47, 64, -33, 58, 132, 188, 293, 133, 136, 86, 87
31251703, -11198, 5449, 10498, 1769, 2352, -477, -231, 47, 64, -33, 41, 150, 188, 269, 143, 151, 84, 98
31252504, -11198, 5449, 10498, 1769, 2352, -477, -231, 47, 64, -33, 41, 150, 188, 269, 143, 151, 84, 98
31257551, -11198, 5449, 10498, 1769, 2352, -477, -231, 47, 64, -33, 41, 150, 188, 269, 143, 151, 84, 98
31258355, -11198, 5449, 10498, 1769, 2352, -477, -231, 47, 64, -33, 41, 150, 188, 269, 143, 151, 84, 98
31259174, -11198, 5449, 10498, 1769, 2352, -477, -231, 47, 64, -33, 41, 150, 188, 269, 143, 151, 84, 98
31260018, -11198, 5449, 10498, 1769, 2352, -477, -231, 47, 64, -33, 41, 150, 188, 269, 143, 151, 84, 98
31264931, -11198, 5449, 10498, 1769, 2352, -477, -231, 47, 64, -33, 41, 150, 188, 269, 143, 151, 84, 98
31265736, -11198, 5449, 10498, 1769, 2352, -477, -231, 47, 64, -33, 41, 150, 188, 269, 143, 151, 84, 98
31266609, -11198, 5449, 10498, 1769, 2352, -477, -231, 47, 64, -33, 41, 150, 188, 269, 143, 151, 84, 98
31267309, -11198, 5449, 10498, 1769, 2352, -477, -231, 47, 64, -33, 41, 150, 188, 269, 143, 151, 84, 98
31272431, -11198, 5449, 10498, 1769, 2352, -477, -231, 47, 64, -33, 41, 150, 188, 269, 143, 151, 84, 98
31273398, -11185, 5451, 10506, 1797, 2405, -588, -197, -109, 20, -13, 41, 150, 188, 269, 143, 151, 84, 98
31274199, -11185, 5451, 10506, 1797, 2405, -588, -197, -109, 20, -13, 56, 167, 210, 239, 145, 171, 75, 97
31274989, -11185, 5451, 10506, 1797, 2405, -588, -197, -109, 20, -13, 56, 167, 210, 239, 145, 171, 75, 97
31280071, -11185, 5451, 10506, 1797, 2405, -588, -197, -109, 20, -13, 56, 167, 210, 239, 145, 171, 75, 97
31280885, -11185, 5451, 10506, 1797, 2405, -588, -197, -109, 20, -13, 56, 167, 210, 239, 145, 171, 75, 97
31281685, -11185, 5451, 10506, 1797, 2405, -588, -197, -109, 20, -13, 56, 167, 210, 239, 145, 171, 75, 97
31282512, -11185, 5451, 10506, 1797, 2405, -588, -197, -109, 20, -13, 56, 167, 210, 239, 145, 171, 75, 97
31287461, -11185, 5451, 10506, 1797, 2405, -588, -197, -109, 20, -13, 56, 167, 210, 239, 145, 171, 75, 97
31288259, -11185, 5451, 10506, 1797, 2405, -588, -197, -109, 20, -13, 56, 167, 210, 239, 145, 171, 75, 97
31289084, -11185, 5451, 10506, 1797, 2405, -588, -197, -109, 20, -13, 56, 167, 210, 239, 145, 171, 75, 97
31289909, -11185, 5451, 10506, 1797, 2405, -588, -197, -109, 20, -13, 56, 167, 210, 239, 145, 171, 75, 97
31294958, -11185, 5451, 10506, 1797, 2405, -588, -197, -109, 20, -13, 56, 167, 210, 239, 145, 171, 75, 97
31295911, -11173, 5447, 10516, 1823, 2458, -628, -187, -76, 3, -47, 56, 167, 210, 239, 145, 171, 75, 97
31296727, -11173, 5447, 10516, 1823, 2458, -628, -187, -76, 3, -47, 56, 178, 200, 262, 146, 180, 101, 94
31297618, -11173, 5447, 10516, 1823, 2458, -628, -187, -76, 3, -47, 56, 178, 200, 262, 146, 180, 101, 94
31302532, -11173, 5447, 10516, 1823, 2458, -628, -187, -76, 3, -47, 56, 178, 200, 262, 146, 180, 101, 94
31303355, -11173, 5447, 10516, 1823, 2458, -628, -187, -76, 3, -47, 56, 178, 200, 262, 146, 180, 101, 94
31304155, -11173, 5447, 10516, 1823, 2458, -628, -187, -76, 3, -47, 56, 178, 200, 262, 146, 180, 101, 94
31304981, -11173, 5447, 10516, 1823, 2458, -628, -187, -76, 3, -47, 56, 178, 200, 262, 146, 180, 101, 94
31309933, -11173, 5447, 10516, 1823, 2458, -628, -187, -76, 3, -47, 56, 178, 200, 262, 146, 180, 101, 94
31310755, -11173, 5447, 10516, 1823, 2458, -628, -187, -76, 3, -47, 56, 178, 200, 262, 146, 180, 101, 94
31311605, -11173, 5447, 10516, 1823, 2458, -628, -187, -76, 3, -47, 56, 178, 200, 262, 146, 180, 101, 94
31312384, -11173, 5447, 10516, 1823, 2458, -628, -187, -76, 3, -47, 56, 178, 200, 262, 146, 180, 101, 94
31317435, -11173, 5447, 10516, 1823, 2458, -628, -187, -76, 3, -47, 56, 178, 200, 262, 146, 180, 101, 94
31318393, -11169, 5430, 10526, 1842, 2438, -605, -136, 4, 5, -59, 56, 178, 200, 262, 146, 180, 101, 94
31319193, -11169, 5430, 10526, 1842, 2438, -605, -136, 4, 5, -59, 56, 178, 199, 243, 147, 173, 114, 94
31320011, -11169, 5430, 10526, 1842, 2438, -605, -136, 4, 5, -59, 56, 178, 199, 243, 147, 173, 114, 94
31325017, -11169, 5430, 10526, 1842, 2438, -605, -136, 4, 5, -59, 56, 178, 199, 243, 147, 173, 114, 94
31325830, -11169, 5430, 10526, 1842, 2438, -605, -136, 4, 5, -59, 56, 178, 199, 243, 147, 173, 114, 94
31326658, -11169, 5430, 10526, 1842, 2438, -605, -136, 4, 5, -59, 56, 178, 199, 243, 147, 173, 114, 94
31327465, -11169, 5430, 10526, 1842, 2438, -605, -136, 4, 5, -59, 56, 178, 199, 243, 147, 173, 114, 94
31332420, -11169, 5430, 10526, 1842, 2438, -605, -136, 4, 5, -59, 56, 178, 199, 243, 147, 173, 114, 94
31333232, -11169, 5430, 10526, 1842, 2438, -605, -136, 4, 5, -59, 56, 178, 199, 243, 147, 173, 114, 94
31334030, -11169, 5430, 10526, 1842, 2438, -605, -136, 4, 5, -59, 56, 178, 199, 243, 147, 173, 114, 94
31334854, -11169, 5430, 10526, 1842, 2438, -605, -136, 4, 5, -59, 56, 178, 199, 243, 147, 173, 114, 94
31340017, -11169, 5430, 10526, 1842, 2438, -605, -136, 4, 5, -59, 56, 178, 199, 243, 147, 173, 114, 94
31340916, -11170, 5406, 10535, 1853, 2448, -565, -113, 64, 4, -30, 56, 178, 199, 243, 147, 173, 114, 94
31341735, -11170, 5406, 10535, 1853, 2448, -565, -113, 64, 4, -30, 61, 182, 221, 218, 148, 168, 115, 93
31342609, -11170, 5406, 10535, 1853, 2448, -565, -113, 64, 4, -30, 61, 182, 221, 218, 148, 168, 115, 93
31347610, -11170, 5406, 10535, 1853, 2448, -565, -113, 64, 4, -30, 61, 182, 221, 218, 148, 168, 115, 93
31348360, -11170, 5406, 10535, 1853, 2448, -565, -113, 64, 4, -30, 61, 182, 221, 218, 148, 168, 115, 93
31349180, -11170, 5406, 10535, 1853, 2448, -565, -113, 64, 4, -30, 61, 182, 221, 218, 148, 168, 115, 93
31350011, -11170, 5406, 10535, 1853, 2448, -565, -113, 64, 4, -30, 61, 182, 221, 218, 148, 168, 115, 93
31354955, -11170, 5406, 10535, 1853, 2448, -565, -113, 64, 4, -30, 61, 182, 221, 218, 148, 168, 115, 93
31355754, -11170, 5406, 10535, 1853, 2448, -565, -113, 64, 4, -30, 61, 182, 221, 218, 148, 168, 115, 93
31356604, -11170, 5406, 10535, 1853, 2448, -565, -113, 64, 4, -30, 61, 182, 221, 218, 148, 168, 115, 93
31357381, -11170, 5406, 10535, 1853, 2448, -565, -113, 64, 4, -30, 61, 182, 221, 218, 148, 168, 115, 93
31362459, -11170, 5406, 10535, 1853, 2448, -565, -113, 64, 4, -30, 61, 182, 221, 218, 148, 168, 115, 93
31363382, -11164, 5388, 10547, 1877, 2415, -481, -108, -19, -14, -32, 61, 182, 221, 218, 148, 168, 115, 93
31364203, -11164, 5388, 10547, 1877, 2415, -481, -108, -19, -14, -32, 63, 172, 215, 241, 149, 153, 121, 84
31365029, -11164, 5388, 10547, 1877, 2415, -481, -108, -19, -14, -32, 63, 172, 215, 241, 149, 153, 121, 84
31370075, -11164, 5388, 10547, 1877, 2415, -481, -108, -19, -14, -32, 63, 172, 215, 241, 149, 153, 121, 84
31371066, -11164, 5388, 10547, 1877, 2415, -481, -108, -19, -14, -32, 63, 172, 215, 241, 149, 153, 121, 84
31371677, -11164, 5388, 10547, 1877, 2415, -481, -108, -19, -14, -32, 63, 172, 215, 241, 149, 153, 121, 84
31372495, -11164, 5388, 10547, 1877, 2415, -481, -108, -19, -14, -32, 63, 172, 215, 241, 149, 153, 121, 84
31377440, -11164, 5388, 10547, 1877, 2415, -481, -108, -19, -14, -32, 63, 172, 215, 241, 149, 153, 121, 84
31378248, -11164, 5388, 10547, 1877, 2415, -481, -108, -19, -14, -32, 63, 172, 215, 241, 149, 153, 121, 84
31379060, -11164, 5388, 10547, 1877, 2415, -481, -108, -19, -14, -32, 63, 172, 215, 241, 149, 153, 121, 84
31379852, -11164, 5388, 10547, 1877, 2415, -481, -108, -19, -14, -32, 63, 172, 215, 241, 149, 153, 121, 84
