Timestamp, Orientation x, Orientation y, Orientation z, Orientation w, Acceleration x, Acceleration y, Acceleration z, Rotation x, Rotation y, Rotation z, EMG 0, EMG 1, EMG 2, EMG 3, EMG 4, EMG 5, EMG 6, EMG 7
0,4442,-1243,-14735,-5483,1196,6092,-652,81,913,946,0,0,0,0,0,0,0,0
7495,4571,-1300,-14715,-5416,1252,6018,-682,238,845,879,0,0,0,0,0,0,0,0
29989,4670,-1341,-14715,-5322,1248,6037,-745,434,711,805,0,0,0,0,0,0,0,0
44971,4734,-1368,-14736,-5197,1276,6097,-740,681,510,741,0,0,0,0,0,0,0,0
68814,4770,-1383,-14783,-5026,1457,6241,-969,983,333,711,0,0,0,0,0,0,0,0
69629,4770,-1383,-14783,-5026,1457,6241,-969,983,333,711,104,143,140,162,225,141,381,170
70487,4770,-1383,-14783,-5026,1457,6241,-969,983,333,711,104,143,140,162,225,141,381,170
98836,4811,-1373,-14831,-4845,1620,6176,-1053,1080,360,566,104,143,140,162,225,141,381,170
99676,4811,-1373,-14831,-4845,1620,6176,-1053,1080,360,566,124,158,160,183,247,166,453,204
100435,4811,-1373,-14831,-4845,1620,6176,-1053,1080,360,566,124,158,160,183,247,166,453,204
105248,4830,-1336,-14877,-4691,1570,6177,-1014,1014,309,369,124,158,160,183,247,166,453,204
113138,4830,-1336,-14877,-4691,1570,6177,-1014,1014,309,369,149,171,176,212,330,217,638,261
113917,4830,-1336,-14877,-4691,1570,6177,-1014,1014,309,369,149,171,176,212,330,217,638,261
128768,4814,-1284,-14935,-4536,1559,6203,-1054,1082,141,258,149,171,176,212,330,217,638,261
129549,4814,-1284,-14935,-4536,1559,6203,-1054,1082,141,258,148,172,186,269,437,253,688,252
130383,4814,-1284,-14935,-4536,1559,6203,-1054,1082,141,258,148,172,186,269,437,253,688,252
151293,4807,-1228,-14983,-4398,1634,6253,-1067,1041,177,235,148,172,186,269,437,253,688,252
152062,4807,-1228,-14983,-4398,1634,6253,-1067,1041,177,235,150,162,177,274,506,322,865,287
152886,4807,-1228,-14983,-4398,1634,6253,-1067,1041,177,235,150,162,177,274,506,322,865,287
164979,4819,-1163,-15031,-4238,1652,6245,-1201,1168,302,258,150,162,177,274,506,322,865,287
173086,4819,-1163,-15031,-4238,1652,6245,-1201,1168,302,258,150,138,173,271,504,378,906,313
173862,4819,-1163,-15031,-4238,1652,6245,-1201,1168,302,258,150,138,173,271,504,378,906,313
188815,4830,-1088,-15074,-4086,1599,6210,-1251,1149,357,204,150,138,173,271,504,378,906,313
189544,4830,-1088,-15074,-4086,1599,6210,-1251,1149,357,204,142,131,174,305,542,381,887,295
190383,4830,-1088,-15074,-4086,1599,6210,-1251,1149,357,204,142,131,174,305,542,381,887,295
211312,4828,-1002,-15119,-3944,1652,6192,-1286,1128,278,101,142,131,174,305,542,381,887,295
212107,4828,-1002,-15119,-3944,1652,6192,-1286,1128,278,101,125,125,200,360,613,408,783,255
212893,4828,-1002,-15119,-3944,1652,6192,-1286,1128,278,101,125,125,200,360,613,408,783,255
224982,4821,-879,-15160,-3822,1675,6062,-1148,1078,256,-173,125,125,200,360,613,408,783,255
233055,4821,-879,-15160,-3822,1675,6062,-1148,1078,256,-173,127,125,206,336,564,404,762,279
233868,4821,-879,-15160,-3822,1675,6062,-1148,1078,256,-173,127,125,206,336,564,404,762,279
248750,4767,-714,-15217,-3698,1595,5937,-1180,1129,52,-479,127,125,206,336,564,404,762,279
249657,4767,-714,-15217,-3698,1595,5937,-1180,1129,52,-479,140,127,204,337,521,375,632,279
250323,4767,-714,-15217,-3698,1595,5937,-1180,1129,52,-479,140,127,204,337,521,375,632,279
271406,4673,-517,-15283,-3573,1487,5758,-1182,1134,-123,-740,140,127,204,337,521,375,632,279
272119,4673,-517,-15283,-3573,1487,5758,-1182,1134,-123,-740,141,134,202,343,532,322,574,259
272925,4673,-517,-15283,-3573,1487,5758,-1182,1134,-123,-740,141,134,202,343,532,322,574,259
284908,4530,-290,-15356,-3468,1287,5701,-1057,1103,-342,-973,141,134,202,343,532,322,574,259
293079,4530,-290,-15356,-3468,1287,5701,-1057,1103,-342,-973,139,137,209,335,516,337,617,264
293897,4530,-290,-15356,-3468,1287,5701,-1057,1103,-342,-973,139,137,209,335,516,337,617,264
308778,4357,-60,-15427,-3385,1176,5730,-994,1021,-509,-1062,139,137,209,335,516,337,617,264
309626,4357,-60,-15427,-3385,1176,5730,-994,1021,-509,-1062,140,142,189,266,408,283,668,263
310390,4357,-60,-15427,-3385,1176,5730,-994,1021,-509,-1062,140,142,189,266,408,283,668,263
331262,4172,161,-15497,-3294,1125,5675,-1007,1045,-606,-1031,140,142,189,266,408,283,668,263
332050,4172,161,-15497,-3294,1125,5675,-1007,1045,-606,-1031,140,145,183,248,428,276,633,247
332892,4172,161,-15497,-3294,1125,5675,-1007,1045,-606,-1031,140,145,183,248,428,276,633,247
344920,3997,367,-15560,-3200,1158,5694,-1043,1046,-607,-967,140,145,183,248,428,276,633,247
360584,3997,367,-15560,-3200,1158,5694,-1043,1046,-607,-967,120,139,176,237,421,263,583,208
361398,3997,367,-15560,-3200,1158,5694,-1043,1046,-607,-967,120,139,176,237,421,263,583,208
370202,3839,543,-15613,-3107,1138,5733,-1192,999,-532,-787,120,139,176,237,421,263,583,208
371025,3839,543,-15613,-3107,1138,5733,-1192,999,-532,-787,118,125,173,221,397,258,552,206
371848,3839,543,-15613,-3107,1138,5733,-1192,999,-532,-787,118,125,173,221,397,258,552,206
372644,3839,543,-15613,-3107,1138,5733,-1192,999,-532,-787,118,125,173,221,397,258,552,206
376902,3839,543,-15613,-3107,1138,5733,-1192,999,-532,-787,118,125,173,221,397,258,552,206
377701,3839,543,-15613,-3107,1138,5733,-1192,999,-532,-787,118,125,173,221,397,258,552,206
378521,3839,543,-15613,-3107,1138,5733,-1192,999,-532,-787,118,125,173,221,397,258,552,206
379489,3839,543,-15613,-3107,1138,5733,-1192,999,-532,-787,118,125,173,221,397,258,552,206
392646,3701,681,-15651,-3053,1113,5835,-1276,764,-452,-611,118,125,173,221,397,258,552,206
393517,3701,681,-15651,-3053,1113,5835,-1276,764,-452,-611,118,125,173,221,397,258,552,206
394317,4830,-1336,-14877,-4691,1570,6177,-1014,1014,309,369,118,125,173,221,397,258,552,206
395129,4830,-1336,-14877,-4691,1570,6177,-1014,1014,309,369,149,171,176,212,330,217,638,261
400068,4830,-1336,-14877,-4691,1570,6177,-1014,1014,309,369,149,171,176,212,330,217,638,261
401024,4814,-1284,-14935,-4536,1559,6203,-1054,1082,141,258,149,171,176,212,330,217,638,261
401840,4814,-1284,-14935,-4536,1559,6203,-1054,1082,141,258,148,172,186,269,437,253,688,252
402682,4814,-1284,-14935,-4536,1559,6203,-1054,1082,141,258,148,172,186,269,437,253,688,252
407642,4814,-1284,-14935,-4536,1559,6203,-1054,1082,141,258,148,172,186,269,437,253,688,252
408472,4814,-1284,-14935,-4536,1559,6203,-1054,1082,141,258,148,172,186,269,437,253,688,252
409267,4814,-1284,-14935,-4536,1559,6203,-1054,1082,141,258,148,172,186,269,437,253,688,252
410134,4814,-1284,-14935,-4536,1559,6203,-1054,1082,141,258,148,172,186,269,437,253,688,252
415043,4814,-1284,-14935,-4536,1559,6203,-1054,1082,141,258,148,172,186,269,437,253,688,252
415884,4814,-1284,-14935,-4536,1559,6203,-1054,1082,141,258,148,172,186,269,437,253,688,252
416691,4814,-1284,-14935,-4536,1559,6203,-1054,1082,141,258,148,172,186,269,437,253,688,252
417499,4814,-1284,-14935,-4536,1559,6203,-1054,1082,141,258,148,172,186,269,437,253,688,252
422543,4814,-1284,-14935,-4536,1559,6203,-1054,1082,141,258,148,172,186,269,437,253,688,252
423515,4807,-1228,-14983,-4398,1634,6253,-1067,1041,177,235,148,172,186,269,437,253,688,252
424295,4807,-1228,-14983,-4398,1634,6253,-1067,1041,177,235,150,162,177,274,506,322,865,287
425116,4807,-1228,-14983,-4398,1634,6253,-1067,1041,177,235,150,162,177,274,506,322,865,287
430144,4807,-1228,-14983,-4398,1634,6253,-1067,1041,177,235,150,162,177,274,506,322,865,287
430943,4807,-1228,-14983,-4398,1634,6253,-1067,1041,177,235,150,162,177,274,506,322,865,287
431782,4807,-1228,-14983,-4398,1634,6253,-1067,1041,177,235,150,162,177,274,506,322,865,287
432656,4807,-1228,-14983,-4398,1634,6253,-1067,1041,177,235,150,162,177,274,506,322,865,287
437545,4807,-1228,-14983,-4398,1634,6253,-1067,1041,177,235,150,162,177,274,506,322,865,287
438324,4807,-1228,-14983,-4398,1634,6253,-1067,1041,177,235,150,162,177,274,506,322,865,287
439174,4807,-1228,-14983,-4398,1634,6253,-1067,1041,177,235,150,162,177,274,506,322,865,287
439942,4807,-1228,-14983,-4398,1634,6253,-1067,1041,177,235,150,162,177,274,506,322,865,287
445134,4807,-1228,-14983,-4398,1634,6253,-1067,1041,177,235,150,162,177,274,506,322,865,287
446042,4819,-1163,-15031,-4238,1652,6245,-1201,1168,302,258,150,162,177,274,506,322,865,287
446866,4819,-1163,-15031,-4238,1652,6245,-1201,1168,302,258,150,138,173,271,504,378,906,313
447643,4819,-1163,-15031,-4238,1652,6245,-1201,1168,302,258,150,138,173,271,504,378,906,313
452670,4819,-1163,-15031,-4238,1652,6245,-1201,1168,302,258,150,138,173,271,504,378,906,313
453494,4819,-1163,-15031,-4238,1652,6245,-1201,1168,302,258,150,138,173,271,504,378,906,313
454334,4819,-1163,-15031,-4238,1652,6245,-1201,1168,302,258,150,138,173,271,504,378,906,313
455115,4819,-1163,-15031,-4238,1652,6245,-1201,1168,302,258,150,138,173,271,504,378,906,313
460065,4819,-1163,-15031,-4238,1652,6245,-1201,1168,302,258,150,138,173,271,504,378,906,313
460869,4819,-1163,-15031,-4238,1652,6245,-1201,1168,302,258,150,138,173,271,504,378,906,313
461694,4819,-1163,-15031,-4238,1652,6245,-1201,1168,302,258,150,138,173,271,504,378,906,313
462495,4819,-1163,-15031,-4238,1652,6245,-1201,1168,302,258,150,138,173,271,504,378,906,313
467566,4819,-1163,-15031,-4238,1652,6245,-1201,1168,302,258,150,138,173,271,504,378,906,313
468486,4830,-1088,-15074,-4086,1599,6210,-1251,1149,357,204,150,138,173,271,504,378,906,313
469318,4830,-1088,-15074,-4086,1599,6210,-1251,1149,357,204,142,131,174,305,542,381,887,295
470120,4830,-1088,-15074,-4086,1599,6210,-1251,1149,357,204,142,131,174,305,542,381,887,295
475134,4830,-1088,-15074,-4086,1599,6210,-1251,1149,357,204,142,131,174,305,542,381,887,295
475951,4830,-1088,-15074,-4086,1599,6210,-1251,1149,357,204,142,131,174,305,542,381,887,295
476771,4830,-1088,-15074,-4086,1599,6210,-1251,1149,357,204,142,131,174,305,542,381,887,295
477645,4830,-1088,-15074,-4086,1599,6210,-1251,1149,357,204,142,131,174,305,542,381,887,295
482514,4830,-1088,-15074,-4086,1599,6210,-1251,1149,357,204,142,131,174,305,542,381,887,295
483358,4830,-1088,-15074,-4086,1599,6210,-1251,1149,357,204,142,131,174,305,542,381,887,295
484135,4830,-1088,-15074,-4086,1599,6210,-1251,1149,357,204,142,131,174,305,542,381,887,295
484958,4830,-1088,-15074,-4086,1599,6210,-1251,1149,357,204,142,131,174,305,542,381,887,295
490017,4830,-1088,-15074,-4086,1599,6210,-1251,1149,357,204,142,131,174,305,542,381,887,295
490962,4828,-1002,-15119,-3944,1652,6192,-1286,1128,278,101,142,131,174,305,542,381,887,295
491784,4828,-1002,-15119,-3944,1652,6192,-1286,1128,278,101,125,125,200,360,613,408,783,255
492617,4828,-1002,-15119,-3944,1652,6192,-1286,1128,278,101,125,125,200,360,613,408,783,255
497617,4828,-1002,-15119,-3944,1652,6192,-1286,1128,278,101,125,125,200,360,613,408,783,255
498395,4828,-1002,-15119,-3944,1652,6192,-1286,1128,278,101,125,125,200,360,613,408,783,255
499217,4828,-1002,-15119,-3944,1652,6192,-1286,1128,278,101,125,125,200,360,613,408,783,255
500017,4828,-1002,-15119,-3944,1652,6192,-1286,1128,278,101,125,125,200,360,613,408,783,255
505001,4828,-1002,-15119,-3944,1652,6192,-1286,1128,278,101,125,125,200,360,613,408,783,255
505815,4828,-1002,-15119,-3944,1652,6192,-1286,1128,278,101,125,125,200,360,613,408,783,255
506682,4828,-1002,-15119,-3944,1652,6192,-1286,1128,278,101,125,125,200,360,613,408,783,255
507467,4828,-1002,-15119,-3944,1652,6192,-1286,1128,278,101,125,125,200,360,613,408,783,255
511941,4828,-1002,-15119,-3944,1652,6192,-1286,1128,278,101,125,125,200,360,613,408,783,255
512869,4821,-879,-15160,-3822,1675,6062,-1148,1078,256,-173,125,125,200,360,613,408,783,255
513707,4821,-879,-15160,-3822,1675,6062,-1148,1078,256,-173,127,125,206,336,564,404,762,279
514517,4821,-879,-15160,-3822,1675,6062,-1148,1078,256,-173,127,125,206,336,564,404,762,279
524906,3510,425,-15575,-3655,1145,6086,-1772,-1142,506,1109,127,125,206,336,564,404,762,279
533042,3510,425,-15575,-3655,1145,6086,-1772,-1142,506,1109,186,237,138,182,298,151,376,214
533908,3510,425,-15575,-3655,1145,6086,-1772,-1142,506,1109,186,237,138,182,298,151,376,214
548770,3621,178,-15503,-3866,1212,6126,-1632,-1429,576,1372,186,237,138,182,298,151,376,214
549655,3621,178,-15503,-3866,1212,6126,-1632,-1429,576,1372,200,288,138,183,296,156,334,194
550346,3621,178,-15503,-3866,1212,6126,-1632,-1429,576,1372,200,288,138,183,296,156,334,194
571254,3802,-146,-15405,-4081,1307,6194,-1451,-1649,691,1725,200,288,138,183,296,156,334,194
572067,3802,-146,-15405,-4081,1307,6194,-1451,-1649,691,1725,276,311,159,191,269,147,319,202
572868,3802,-146,-15405,-4081,1307,6194,-1451,-1649,691,1725,276,311,159,191,269,147,319,202
584938,4017,-519,-15293,-4264,1424,6266,-1528,-1572,832,2090,276,311,159,191,269,147,319,202
593091,4017,-519,-15293,-4264,1424,6266,-1528,-1572,832,2090,282,308,170,181,234,149,322,198
593933,4017,-519,-15293,-4264,1424,6266,-1528,-1572,832,2090,282,308,170,181,234,149,322,198
608787,4287,-917,-15167,-4383,1558,6259,-1456,-1282,1091,2389,282,308,170,181,234,149,322,198
609646,4287,-917,-15167,-4383,1558,6259,-1456,-1282,1091,2389,281,299,166,171,223,142,333,234
610398,4287,-917,-15167,-4383,1558,6259,-1456,-1282,1091,2389,281,299,166,171,223,142,333,234
631308,4593,-1352,-15027,-4441,1675,6386,-1381,-1017,1239,2748,281,299,166,171,223,142,333,234
632069,4593,-1352,-15027,-4441,1675,6386,-1381,-1017,1239,2748,291,301,173,173,219,137,270,240
632892,4593,-1352,-15027,-4441,1675,6386,-1381,-1017,1239,2748,291,301,173,173,219,137,270,240
644920,4923,-1837,-14861,-4470,1880,6598,-1217,-946,1299,3125,291,301,173,173,219,137,270,240
653020,4923,-1837,-14861,-4470,1880,6598,-1217,-946,1299,3125,301,268,177,187,233,129,244,244
653850,4923,-1837,-14861,-4470,1880,6598,-1217,-946,1299,3125,301,268,177,187,233,129,244,244
668087,5257,-2362,-14661,-4506,2083,6636,-1181,-1087,1336,3362,301,268,177,187,233,129,244,244
668868,5257,-2362,-14661,-4506,2083,6636,-1181,-1087,1336,3362,252,248,161,181,217,123,233,226
674866,5257,-2362,-14661,-4506,2083,6636,-1181,-1087,1336,3362,252,248,161,181,217,123,233,226
692667,5584,-2916,-14417,-4575,2271,6492,-1205,-1395,1367,3472,252,248,161,181,217,123,233,226
693392,5584,-2916,-14417,-4575,2271,6492,-1205,-1395,1367,3472,252,248,161,181,217,123,233,226
694240,5584,-2916,-14417,-4575,2271,6492,-1205,-1395,1367,3472,116,114,153,176,374,236,490,194
695066,5584,-2916,-14417,-4575,2271,6492,-1205,-1395,1367,3472,116,114,153,176,374,236,490,194
700170,3586,781,-15679,-3027,1109,5874,-1430,541,-359,-423,116,114,153,176,374,236,490,194
701032,3586,781,-15679,-3027,1109,5874,-1430,541,-359,-423,104,102,134,174,346,224,379,178
701806,3586,781,-15679,-3027,1109,5874,-1430,541,-359,-423,104,102,134,174,346,224,379,178
702671,3586,781,-15679,-3027,1109,5874,-1430,541,-359,-423,104,102,134,174,346,224,379,178
707494,3586,781,-15679,-3027,1109,5874,-1430,541,-359,-423,104,102,134,174,346,224,379,178
708350,3586,781,-15679,-3027,1109,5874,-1430,541,-359,-423,104,102,134,174,346,224,379,178
709142,3586,781,-15679,-3027,1109,5874,-1430,541,-359,-423,104,102,134,174,346,224,379,178
709969,3586,781,-15679,-3027,1109,5874,-1430,541,-359,-423,104,102,134,174,346,224,379,178
715080,3586,781,-15679,-3027,1109,5874,-1430,541,-359,-423,104,102,134,174,346,224,379,178
716015,3495,838,-15693,-3042,1085,5885,-1519,236,-261,-233,104,102,134,174,346,224,379,178
716817,3495,838,-15693,-3042,1085,5885,-1519,236,-261,-233,98,97,117,175,296,203,369,174
717656,3495,838,-15693,-3042,1085,5885,-1519,236,-261,-233,98,97,117,175,296,203,369,174
722686,3495,838,-15693,-3042,1085,5885,-1519,236,-261,-233,98,97,117,175,296,203,369,174
723502,3495,838,-15693,-3042,1085,5885,-1519,236,-261,-233,98,97,117,175,296,203,369,174
724291,3495,838,-15693,-3042,1085,5885,-1519,236,-261,-233,98,97,117,175,296,203,369,174
725123,3495,838,-15693,-3042,1085,5885,-1519,236,-261,-233,98,97,117,175,296,203,369,174
730071,3495,838,-15693,-3042,1085,5885,-1519,236,-261,-233,98,97,117,175,296,203,369,174
730896,3495,838,-15693,-3042,1085,5885,-1519,236,-261,-233,98,97,117,175,296,203,369,174
731690,3495,838,-15693,-3042,1085,5885,-1519,236,-261,-233,98,97,117,175,296,203,369,174
732507,3495,838,-15693,-3042,1085,5885,-1519,236,-261,-233,98,97,117,175,296,203,369,174
737562,3495,838,-15693,-3042,1085,5885,-1519,236,-261,-233,98,97,117,175,296,203,369,174
738494,3430,854,-15695,-3100,1116,5893,-1581,-90,-173,-55,98,97,117,175,296,203,369,174
739321,3430,854,-15695,-3100,1116,5893,-1581,-90,-173,-55,97,98,125,161,259,169,382,192
740142,3430,854,-15695,-3100,1116,5893,-1581,-90,-173,-55,97,98,125,161,259,169,382,192
745159,3430,854,-15695,-3100,1116,5893,-1581,-90,-173,-55,97,98,125,161,259,169,382,192
745944,3430,854,-15695,-3100,1116,5893,-1581,-90,-173,-55,97,98,125,161,259,169,382,192
746783,3430,854,-15695,-3100,1116,5893,-1581,-90,-173,-55,97,98,125,161,259,169,382,192
747643,3430,854,-15695,-3100,1116,5893,-1581,-90,-173,-55,97,98,125,161,259,169,382,192
752521,3430,854,-15695,-3100,1116,5893,-1581,-90,-173,-55,97,98,125,161,259,169,382,192
753326,3430,854,-15695,-3100,1116,5893,-1581,-90,-173,-55,97,98,125,161,259,169,382,192
754133,3430,854,-15695,-3100,1116,5893,-1581,-90,-173,-55,97,98,125,161,259,169,382,192
754945,3430,854,-15695,-3100,1116,5893,-1581,-90,-173,-55,97,98,125,161,259,169,382,192
760018,3430,854,-15695,-3100,1116,5893,-1581,-90,-173,-55,97,98,125,161,259,169,382,192
760993,3392,824,-15685,-3200,1119,5948,-1627,-391,-74,165,97,98,125,161,259,169,382,192
761768,3392,824,-15685,-3200,1119,5948,-1627,-391,-74,165,94,102,129,166,294,176,385,199
762683,3392,824,-15685,-3200,1119,5948,-1627,-391,-74,165,94,102,129,166,294,176,385,199
767647,3392,824,-15685,-3200,1119,5948,-1627,-391,-74,165,94,102,129,166,294,176,385,199
768431,3392,824,-15685,-3200,1119,5948,-1627,-391,-74,165,94,102,129,166,294,176,385,199
769245,3392,824,-15685,-3200,1119,5948,-1627,-391,-74,165,94,102,129,166,294,176,385,199
770043,3392,824,-15685,-3200,1119,5948,-1627,-391,-74,165,94,102,129,166,294,176,385,199
774329,3392,824,-15685,-3200,1119,5948,-1627,-391,-74,165,94,102,129,166,294,176,385,199
775192,3392,824,-15685,-3200,1119,5948,-1627,-391,-74,165,94,102,129,166,294,176,385,199
775968,3392,824,-15685,-3200,1119,5948,-1627,-391,-74,165,123,217,162,162,168,110,187,156
776834,3392,824,-15685,-3200,1119,5948,-1627,-391,-74,165,123,217,162,162,168,110,187,156
787420,7234,-5780,-12834,-4241,3413,5910,-790,-282,1150,3980,123,217,162,162,168,110,187,156
795544,7234,-5780,-12834,-4241,3413,5910,-790,-282,1150,3980,139,279,173,173,189,124,184,156
796351,7234,-5780,-12834,-4241,3413,5910,-790,-282,1150,3980,139,279,173,173,189,124,184,156
812657,7518,-6245,-12515,-4037,3476,5996,-841,-45,1055,3813,139,279,173,173,189,124,184,156
813439,7518,-6245,-12515,-4037,3476,5996,-841,-45,1055,3813,139,279,173,173,189,124,184,156
814296,3510,425,-15575,-3655,1145,6086,-1772,-1142,506,1109,139,279,173,173,189,124,184,156
815067,3510,425,-15575,-3655,1145,6086,-1772,-1142,506,1109,186,237,138,182,298,151,376,214
820026,3510,425,-15575,-3655,1145,6086,-1772,-1142,506,1109,186,237,138,182,298,151,376,214
820970,3621,178,-15503,-3866,1212,6126,-1632,-1429,576,1372,186,237,138,182,298,151,376,214
821785,3621,178,-15503,-3866,1212,6126,-1632,-1429,576,1372,200,288,138,183,296,156,334,194
822643,3621,178,-15503,-3866,1212,6126,-1632,-1429,576,1372,200,288,138,183,296,156,334,194
827630,3621,178,-15503,-3866,1212,6126,-1632,-1429,576,1372,200,288,138,183,296,156,334,194
828397,3621,178,-15503,-3866,1212,6126,-1632,-1429,576,1372,200,288,138,183,296,156,334,194
829219,3621,178,-15503,-3866,1212,6126,-1632,-1429,576,1372,200,288,138,183,296,156,334,194
830042,3621,178,-15503,-3866,1212,6126,-1632,-1429,576,1372,200,288,138,183,296,156,334,194
835042,3621,178,-15503,-3866,1212,6126,-1632,-1429,576,1372,200,288,138,183,296,156,334,194
835881,3621,178,-15503,-3866,1212,6126,-1632,-1429,576,1372,200,288,138,183,296,156,334,194
836668,3621,178,-15503,-3866,1212,6126,-1632,-1429,576,1372,200,288,138,183,296,156,334,194
837493,3621,178,-15503,-3866,1212,6126,-1632,-1429,576,1372,200,288,138,183,296,156,334,194
842568,3621,178,-15503,-3866,1212,6126,-1632,-1429,576,1372,200,288,138,183,296,156,334,194
843523,3802,-146,-15405,-4081,1307,6194,-1451,-1649,691,1725,200,288,138,183,296,156,334,194
844298,3802,-146,-15405,-4081,1307,6194,-1451,-1649,691,1725,276,311,159,191,269,147,319,202
845121,3802,-146,-15405,-4081,1307,6194,-1451,-1649,691,1725,276,311,159,191,269,147,319,202
850146,3802,-146,-15405,-4081,1307,6194,-1451,-1649,691,1725,276,311,159,191,269,147,319,202
850943,3802,-146,-15405,-4081,1307,6194,-1451,-1649,691,1725,276,311,159,191,269,147,319,202
851754,3802,-146,-15405,-4081,1307,6194,-1451,-1649,691,1725,276,311,159,191,269,147,319,202
852635,3802,-146,-15405,-4081,1307,6194,-1451,-1649,691,1725,276,311,159,191,269,147,319,202
857516,3802,-146,-15405,-4081,1307,6194,-1451,-1649,691,1725,276,311,159,191,269,147,319,202
858375,3802,-146,-15405,-4081,1307,6194,-1451,-1649,691,1725,276,311,159,191,269,147,319,202
859146,3802,-146,-15405,-4081,1307,6194,-1451,-1649,691,1725,276,311,159,191,269,147,319,202
859970,3802,-146,-15405,-4081,1307,6194,-1451,-1649,691,1725,276,311,159,191,269,147,319,202
865045,3802,-146,-15405,-4081,1307,6194,-1451,-1649,691,1725,276,311,159,191,269,147,319,202
865955,4017,-519,-15293,-4264,1424,6266,-1528,-1572,832,2090,276,311,159,191,269,147,319,202
866769,4017,-519,-15293,-4264,1424,6266,-1528,-1572,832,2090,282,308,170,181,234,149,322,198
867618,4017,-519,-15293,-4264,1424,6266,-1528,-1572,832,2090,282,308,170,181,234,149,322,198
872658,4017,-519,-15293,-4264,1424,6266,-1528,-1572,832,2090,282,308,170,181,234,149,322,198
873442,4017,-519,-15293,-4264,1424,6266,-1528,-1572,832,2090,282,308,170,181,234,149,322,198
874242,4017,-519,-15293,-4264,1424,6266,-1528,-1572,832,2090,282,308,170,181,234,149,322,198
875033,4017,-519,-15293,-4264,1424,6266,-1528,-1572,832,2090,282,308,170,181,234,149,322,198
879993,4017,-519,-15293,-4264,1424,6266,-1528,-1572,832,2090,282,308,170,181,234,149,322,198
880831,4017,-519,-15293,-4264,1424,6266,-1528,-1572,832,2090,282,308,170,181,234,149,322,198
881667,4017,-519,-15293,-4264,1424,6266,-1528,-1572,832,2090,282,308,170,181,234,149,322,198
882476,4017,-519,-15293,-4264,1424,6266,-1528,-1572,832,2090,282,308,170,181,234,149,322,198
887517,4017,-519,-15293,-4264,1424,6266,-1528,-1572,832,2090,282,308,170,181,234,149,322,198
888473,4287,-917,-15167,-4383,1558,6259,-1456,-1282,1091,2389,282,308,170,181,234,149,322,198
889268,4287,-917,-15167,-4383,1558,6259,-1456,-1282,1091,2389,281,299,166,171,223,142,333,234
890058,4287,-917,-15167,-4383,1558,6259,-1456,-1282,1091,2389,281,299,166,171,223,142,333,234
895119,4287,-917,-15167,-4383,1558,6259,-1456,-1282,1091,2389,281,299,166,171,223,142,333,234
895942,4287,-917,-15167,-4383,1558,6259,-1456,-1282,1091,2389,281,299,166,171,223,142,333,234
896742,4287,-917,-15167,-4383,1558,6259,-1456,-1282,1091,2389,281,299,166,171,223,142,333,234
897635,4287,-917,-15167,-4383,1558,6259,-1456,-1282,1091,2389,281,299,166,171,223,142,333,234
902533,4287,-917,-15167,-4383,1558,6259,-1456,-1282,1091,2389,281,299,166,171,223,142,333,234
903317,4287,-917,-15167,-4383,1558,6259,-1456,-1282,1091,2389,281,299,166,171,223,142,333,234
904142,4287,-917,-15167,-4383,1558,6259,-1456,-1282,1091,2389,281,299,166,171,223,142,333,234
904967,4287,-917,-15167,-4383,1558,6259,-1456,-1282,1091,2389,281,299,166,171,223,142,333,234
910027,4287,-917,-15167,-4383,1558,6259,-1456,-1282,1091,2389,281,299,166,171,223,142,333,234
910992,4593,-1352,-15027,-4441,1675,6386,-1381,-1017,1239,2748,281,299,166,171,223,142,333,234
911766,4593,-1352,-15027,-4441,1675,6386,-1381,-1017,1239,2748,291,301,173,173,219,137,270,240
912611,4593,-1352,-15027,-4441,1675,6386,-1381,-1017,1239,2748,291,301,173,173,219,137,270,240
917643,4593,-1352,-15027,-4441,1675,6386,-1381,-1017,1239,2748,291,301,173,173,219,137,270,240
918455,4593,-1352,-15027,-4441,1675,6386,-1381,-1017,1239,2748,291,301,173,173,219,137,270,240
919242,4593,-1352,-15027,-4441,1675,6386,-1381,-1017,1239,2748,291,301,173,173,219,137,270,240
920097,4593,-1352,-15027,-4441,1675,6386,-1381,-1017,1239,2748,291,301,173,173,219,137,270,240
925034,4593,-1352,-15027,-4441,1675,6386,-1381,-1017,1239,2748,291,301,173,173,219,137,270,240
925840,4593,-1352,-15027,-4441,1675,6386,-1381,-1017,1239,2748,291,301,173,173,219,137,270,240
926643,4593,-1352,-15027,-4441,1675,6386,-1381,-1017,1239,2748,291,301,173,173,219,137,270,240
927484,4593,-1352,-15027,-4441,1675,6386,-1381,-1017,1239,2748,291,301,173,173,219,137,270,240
932518,4593,-1352,-15027,-4441,1675,6386,-1381,-1017,1239,2748,291,301,173,173,219,137,270,240
933467,4923,-1837,-14861,-4470,1880,6598,-1217,-946,1299,3125,291,301,173,173,219,137,270,240
934244,4923,-1837,-14861,-4470,1880,6598,-1217,-946,1299,3125,301,268,177,187,233,129,244,244
935073,4923,-1837,-14861,-4470,1880,6598,-1217,-946,1299,3125,301,268,177,187,233,129,244,244
940094,4923,-1837,-14861,-4470,1880,6598,-1217,-946,1299,3125,301,268,177,187,233,129,244,244
940958,4923,-1837,-14861,-4470,1880,6598,-1217,-946,1299,3125,301,268,177,187,233,129,244,244
941718,4923,-1837,-14861,-4470,1880,6598,-1217,-946,1299,3125,301,268,177,187,233,129,244,244
942587,4923,-1837,-14861,-4470,1880,6598,-1217,-946,1299,3125,301,268,177,187,233,129,244,244
947493,4923,-1837,-14861,-4470,1880,6598,-1217,-946,1299,3125,301,268,177,187,233,129,244,244
948327,4923,-1837,-14861,-4470,1880,6598,-1217,-946,1299,3125,301,268,177,187,233,129,244,244
949139,4923,-1837,-14861,-4470,1880,6598,-1217,-946,1299,3125,301,268,177,187,233,129,244,244
949983,4923,-1837,-14861,-4470,1880,6598,-1217,-946,1299,3125,301,268,177,187,233,129,244,244
955068,4923,-1837,-14861,-4470,1880,6598,-1217,-946,1299,3125,301,268,177,187,233,129,244,244
956022,5257,-2362,-14661,-4506,2083,6636,-1181,-1087,1336,3362,301,268,177,187,233,129,244,244
956818,5257,-2362,-14661,-4506,2083,6636,-1181,-1087,1336,3362,252,248,161,181,217,123,233,226
957622,5257,-2362,-14661,-4506,2083,6636,-1181,-1087,1336,3362,252,248,161,181,217,123,233,226
962618,5257,-2362,-14661,-4506,2083,6636,-1181,-1087,1336,3362,252,248,161,181,217,123,233,226
963420,5257,-2362,-14661,-4506,2083,6636,-1181,-1087,1336,3362,252,248,161,181,217,123,233,226
964242,5257,-2362,-14661,-4506,2083,6636,-1181,-1087,1336,3362,252,248,161,181,217,123,233,226
965067,5257,-2362,-14661,-4506,2083,6636,-1181,-1087,1336,3362,252,248,161,181,217,123,233,226
970040,5257,-2362,-14661,-4506,2083,6636,-1181,-1087,1336,3362,252,248,161,181,217,123,233,226
970843,5257,-2362,-14661,-4506,2083,6636,-1181,-1087,1336,3362,252,248,161,181,217,123,233,226
971663,5257,-2362,-14661,-4506,2083,6636,-1181,-1087,1336,3362,252,248,161,181,217,123,233,226
972473,5257,-2362,-14661,-4506,2083,6636,-1181,-1087,1336,3362,252,248,161,181,217,123,233,226
977551,5257,-2362,-14661,-4506,2083,6636,-1181,-1087,1336,3362,252,248,161,181,217,123,233,226
978470,5584,-2916,-14417,-4575,2271,6492,-1205,-1395,1367,3472,252,248,161,181,217,123,233,226
979322,5584,-2916,-14417,-4575,2271,6492,-1205,-1395,1367,3472,235,236,150,173,206,116,224,224
980118,5584,-2916,-14417,-4575,2271,6492,-1205,-1395,1367,3472,235,236,150,173,206,116,224,224
985158,5584,-2916,-14417,-4575,2271,6492,-1205,-1395,1367,3472,235,236,150,173,206,116,224,224
985918,5584,-2916,-14417,-4575,2271,6492,-1205,-1395,1367,3472,235,236,150,173,206,116,224,224
986787,5584,-2916,-14417,-4575,2271,6492,-1205,-1395,1367,3472,235,236,150,173,206,116,224,224
987549,5584,-2916,-14417,-4575,2271,6492,-1205,-1395,1367,3472,235,236,150,173,206,116,224,224
992518,5584,-2916,-14417,-4575,2271,6492,-1205,-1395,1367,3472,235,236,150,173,206,116,224,224
993324,5584,-2916,-14417,-4575,2271,6492,-1205,-1395,1367,3472,235,236,150,173,206,116,224,224
994154,5584,-2916,-14417,-4575,2271,6492,-1205,-1395,1367,3472,235,236,150,173,206,116,224,224
994943,5584,-2916,-14417,-4575,2271,6492,-1205,-1395,1367,3472,235,236,150,173,206,116,224,224
1000030,5584,-2916,-14417,-4575,2271,6492,-1205,-1395,1367,3472,235,236,150,173,206,116,224,224
1000945,5912,-3476,-14139,-4638,2415,6378,-1038,-1427,1428,3555,235,236,150,173,206,116,224,224
1001782,5912,-3476,-14139,-4638,2415,6378,-1038,-1427,1428,3555,207,230,176,190,206,109,210,187
1002643,5912,-3476,-14139,-4638,2415,6378,-1038,-1427,1428,3555,207,230,176,190,206,109,210,187
1007683,5912,-3476,-14139,-4638,2415,6378,-1038,-1427,1428,3555,207,230,176,190,206,109,210,187
1008396,5912,-3476,-14139,-4638,2415,6378,-1038,-1427,1428,3555,207,230,176,190,206,109,210,187
1009245,5912,-3476,-14139,-4638,2415,6378,-1038,-1427,1428,3555,207,230,176,190,206,109,210,187
1010042,5912,-3476,-14139,-4638,2415,6378,-1038,-1427,1428,3555,207,230,176,190,206,109,210,187
1014993,5912,-3476,-14139,-4638,2415,6378,-1038,-1427,1428,3555,207,230,176,190,206,109,210,187
1015822,5912,-3476,-14139,-4638,2415,6378,-1038,-1427,1428,3555,207,230,176,190,206,109,210,187
1016665,5912,-3476,-14139,-4638,2415,6378,-1038,-1427,1428,3555,207,230,176,190,206,109,210,187
1017433,5912,-3476,-14139,-4638,2415,6378,-1038,-1427,1428,3555,207,230,176,190,206,109,210,187
1022543,5912,-3476,-14139,-4638,2415,6378,-1038,-1427,1428,3555,207,230,176,190,206,109,210,187
1023521,6255,-4064,-13831,-4638,2542,6324,-875,-1198,1438,3897,207,230,176,190,206,109,210,187
1024298,6255,-4064,-13831,-4638,2542,6324,-875,-1198,1438,3897,180,192,172,196,228,127,219,187
1025143,6255,-4064,-13831,-4638,2542,6324,-875,-1198,1438,3897,180,192,172,196,228,127,219,187
1029467,6255,-4064,-13831,-4638,2542,6324,-875,-1198,1438,3897,180,192,172,196,228,127,219,187
1030292,6255,-4064,-13831,-4638,2542,6324,-875,-1198,1438,3897,180,192,172,196,228,127,219,187
1031116,6255,-4064,-13831,-4638,2542,6324,-875,-1198,1438,3897,180,192,172,196,228,127,219,187
1031945,6255,-4064,-13831,-4638,2542,6324,-875,-1198,1438,3897,180,192,172,196,228,127,219,187
1035545,6255,-4064,-13831,-4638,2542,6324,-875,-1198,1438,3897,147,194,188,241,214,183,517,187
1036370,6255,-4064,-13831,-4638,2542,6324,-875,-1198,1438,3897,147,194,188,241,214,183,517,187
1052638,7826,-9564,-10640,-1587,3427,4648,-1036,283,-86,567,147,194,188,241,214,183,517,187
1053455,7826,-9564,-10640,-1587,3427,4648,-1036,283,-86,567,147,194,188,241,214,183,517,187
1054297,6926,-5263,-13163,-4417,3179,5976,-794,-585,1195,4245,147,194,188,241,214,183,517,187
1055119,6926,-5263,-13163,-4417,3179,5976,-794,-585,1195,4245,123,217,162,162,168,110,187,156
1060062,6926,-5263,-13163,-4417,3179,5976,-794,-585,1195,4245,123,217,162,162,168,110,187,156
1060988,7234,-5780,-12834,-4241,3413,5910,-790,-282,1150,3980,123,217,162,162,168,110,187,156
1061793,7234,-5780,-12834,-4241,3413,5910,-790,-282,1150,3980,139,279,173,173,189,124,184,156
1062645,7234,-5780,-12834,-4241,3413,5910,-790,-282,1150,3980,139,279,173,173,189,124,184,156
1067653,7234,-5780,-12834,-4241,3413,5910,-790,-282,1150,3980,139,279,173,173,189,124,184,156
1068427,7234,-5780,-12834,-4241,3413,5910,-790,-282,1150,3980,139,279,173,173,189,124,184,156
1069218,7234,-5780,-12834,-4241,3413,5910,-790,-282,1150,3980,139,279,173,173,189,124,184,156
1070044,7234,-5780,-12834,-4241,3413,5910,-790,-282,1150,3980,139,279,173,173,189,124,184,156
1075020,7234,-5780,-12834,-4241,3413,5910,-790,-282,1150,3980,139,279,173,173,189,124,184,156
1075845,7234,-5780,-12834,-4241,3413,5910,-790,-282,1150,3980,139,279,173,173,189,124,184,156
1076644,7234,-5780,-12834,-4241,3413,5910,-790,-282,1150,3980,139,279,173,173,189,124,184,156
1077489,7234,-5780,-12834,-4241,3413,5910,-790,-282,1150,3980,139,279,173,173,189,124,184,156
1082519,7234,-5780,-12834,-4241,3413,5910,-790,-282,1150,3980,139,279,173,173,189,124,184,156
1083504,7518,-6245,-12515,-4037,3476,5996,-841,-45,1055,3813,139,279,173,173,189,124,184,156
1084268,7518,-6245,-12515,-4037,3476,5996,-841,-45,1055,3813,147,289,154,160,211,132,166,148
1085113,7518,-6245,-12515,-4037,3476,5996,-841,-45,1055,3813,147,289,154,160,211,132,166,148
1090137,7518,-6245,-12515,-4037,3476,5996,-841,-45,1055,3813,147,289,154,160,211,132,166,148
1090917,7518,-6245,-12515,-4037,3476,5996,-841,-45,1055,3813,147,289,154,160,211,132,166,148
1091757,7518,-6245,-12515,-4037,3476,5996,-841,-45,1055,3813,147,289,154,160,211,132,166,148
1092589,7518,-6245,-12515,-4037,3476,5996,-841,-45,1055,3813,147,289,154,160,211,132,166,148
1097535,7518,-6245,-12515,-4037,3476,5996,-841,-45,1055,3813,147,289,154,160,211,132,166,148
1098299,7518,-6245,-12515,-4037,3476,5996,-841,-45,1055,3813,147,289,154,160,211,132,166,148
1099134,7518,-6245,-12515,-4037,3476,5996,-841,-45,1055,3813,147,289,154,160,211,132,166,148
1099943,7518,-6245,-12515,-4037,3476,5996,-841,-45,1055,3813,147,289,154,160,211,132,166,148
1105062,7518,-6245,-12515,-4037,3476,5996,-841,-45,1055,3813,147,289,154,160,211,132,166,148
1106020,7805,-6716,-12174,-3772,3601,6089,-871,65,886,3817,147,289,154,160,211,132,166,148
1106830,7805,-6716,-12174,-3772,3601,6089,-871,65,886,3817,144,323,154,150,189,128,135,116
1107658,7805,-6716,-12174,-3772,3601,6089,-871,65,886,3817,144,323,154,150,189,128,135,116
1112645,7805,-6716,-12174,-3772,3601,6089,-871,65,886,3817,144,323,154,150,189,128,135,116
1113474,7805,-6716,-12174,-3772,3601,6089,-871,65,886,3817,144,323,154,150,189,128,135,116
1114268,7805,-6716,-12174,-3772,3601,6089,-871,65,886,3817,144,323,154,150,189,128,135,116
1115085,7805,-6716,-12174,-3772,3601,6089,-871,65,886,3817,144,323,154,150,189,128,135,116
1119993,7805,-6716,-12174,-3772,3601,6089,-871,65,886,3817,144,323,154,150,189,128,135,116
1120898,7805,-6716,-12174,-3772,3601,6089,-871,65,886,3817,144,323,154,150,189,128,135,116
1121676,7805,-6716,-12174,-3772,3601,6089,-871,65,886,3817,144,323,154,150,189,128,135,116
1122449,7805,-6716,-12174,-3772,3601,6089,-871,65,886,3817,144,323,154,150,189,128,135,116
1127549,7805,-6716,-12174,-3772,3601,6089,-871,65,886,3817,144,323,154,150,189,128,135,116
1128510,8050,-7164,-11840,-3484,3691,5871,-837,132,674,3719,144,323,154,150,189,128,135,116
1129315,8050,-7164,-11840,-3484,3691,5871,-837,132,674,3719,136,338,160,159,203,133,136,111
1130141,8050,-7164,-11840,-3484,3691,5871,-837,132,674,3719,136,338,160,159,203,133,136,111
1135120,8050,-7164,-11840,-3484,3691,5871,-837,132,674,3719,136,338,160,159,203,133,136,111
1135910,8050,-7164,-11840,-3484,3691,5871,-837,132,674,3719,136,338,160,159,203,133,136,111
1136718,8050,-7164,-11840,-3484,3691,5871,-837,132,674,3719,136,338,160,159,203,133,136,111
1137642,8050,-7164,-11840,-3484,3691,5871,-837,132,674,3719,136,338,160,159,203,133,136,111
1142561,8050,-7164,-11840,-3484,3691,5871,-837,132,674,3719,136,338,160,159,203,133,136,111
1143337,8050,-7164,-11840,-3484,3691,5871,-837,132,674,3719,136,338,160,159,203,133,136,111
1144170,8050,-7164,-11840,-3484,3691,5871,-837,132,674,3719,136,338,160,159,203,133,136,111
1144943,8050,-7164,-11840,-3484,3691,5871,-837,132,674,3719,136,338,160,159,203,133,136,111
1150059,8050,-7164,-11840,-3484,3691,5871,-837,132,674,3719,136,338,160,159,203,133,136,111
1150945,8201,-7584,-11549,-3211,3365,5543,-756,120,348,3612,136,338,160,159,203,133,136,111
1151795,8201,-7584,-11549,-3211,3365,5543,-756,120,348,3612,145,333,159,176,213,146,145,118
1152643,8201,-7584,-11549,-3211,3365,5543,-756,120,348,3612,145,333,159,176,213,146,145,118
1157672,8201,-7584,-11549,-3211,3365,5543,-756,120,348,3612,145,333,159,176,213,146,145,118
1158396,8201,-7584,-11549,-3211,3365,5543,-756,120,348,3612,145,333,159,176,213,146,145,118
1159257,8201,-7584,-11549,-3211,3365,5543,-756,120,348,3612,145,333,159,176,213,146,145,118
1160056,8201,-7584,-11549,-3211,3365,5543,-756,120,348,3612,145,333,159,176,213,146,145,118
1165004,8201,-7584,-11549,-3211,3365,5543,-756,120,348,3612,145,333,159,176,213,146,145,118
1165793,8201,-7584,-11549,-3211,3365,5543,-756,120,348,3612,145,333,159,176,213,146,145,118
1166670,8201,-7584,-11549,-3211,3365,5543,-756,120,348,3612,145,333,159,176,213,146,145,118
1167420,8201,-7584,-11549,-3211,3365,5543,-756,120,348,3612,145,333,159,176,213,146,145,118
1172609,8201,-7584,-11549,-3211,3365,5543,-756,120,348,3612,145,333,159,176,213,146,145,118
1173498,8309,-7966,-11294,-2899,3381,5455,-649,323,4,3447,145,333,159,176,213,146,145,118
1174327,8309,-7966,-11294,-2899,3381,5455,-649,323,4,3447,149,307,152,196,211,135,150,135
1175120,8309,-7966,-11294,-2899,3381,5455,-649,323,4,3447,149,307,152,196,211,135,150,135
1180124,8309,-7966,-11294,-2899,3381,5455,-649,323,4,3447,149,307,152,196,211,135,150,135
1180944,8309,-7966,-11294,-2899,3381,5455,-649,323,4,3447,149,307,152,196,211,135,150,135
1181770,8309,-7966,-11294,-2899,3381,5455,-649,323,4,3447,149,307,152,196,211,135,150,135
1182625,8309,-7966,-11294,-2899,3381,5455,-649,323,4,3447,149,307,152,196,211,135,150,135
1187543,8309,-7966,-11294,-2899,3381,5455,-649,323,4,3447,149,307,152,196,211,135,150,135
1188331,8309,-7966,-11294,-2899,3381,5455,-649,323,4,3447,149,307,152,196,211,135,150,135
1189143,8309,-7966,-11294,-2899,3381,5455,-649,323,4,3447,149,307,152,196,211,135,150,135
1189993,8309,-7966,-11294,-2899,3381,5455,-649,323,4,3447,149,307,152,196,211,135,150,135
1195092,8309,-7966,-11294,-2899,3381,5455,-649,323,4,3447,149,307,152,196,211,135,150,135
1195983,8364,-8329,-11069,-2571,3449,5345,-662,331,-328,3297,149,307,152,196,211,135,150,135
1196799,8364,-8329,-11069,-2571,3449,5345,-662,331,-328,3297,150,289,176,246,229,137,188,167
1197683,8364,-8329,-11069,-2571,3449,5345,-662,331,-328,3297,150,289,176,246,229,137,188,167
1202644,8364,-8329,-11069,-2571,3449,5345,-662,331,-328,3297,150,289,176,246,229,137,188,167
1203487,8364,-8329,-11069,-2571,3449,5345,-662,331,-328,3297,150,289,176,246,229,137,188,167
1204244,8364,-8329,-11069,-2571,3449,5345,-662,331,-328,3297,150,289,176,246,229,137,188,167
1205083,8364,-8329,-11069,-2571,3449,5345,-662,331,-328,3297,150,289,176,246,229,137,188,167
1209994,8364,-8329,-11069,-2571,3449,5345,-662,331,-328,3297,150,289,176,246,229,137,188,167
1210827,8364,-8329,-11069,-2571,3449,5345,-662,331,-328,3297,150,289,176,246,229,137,188,167
1211644,8364,-8329,-11069,-2571,3449,5345,-662,331,-328,3297,150,289,176,246,229,137,188,167
1212452,8364,-8329,-11069,-2571,3449,5345,-662,331,-328,3297,150,289,176,246,229,137,188,167
1217550,8364,-8329,-11069,-2571,3449,5345,-662,331,-328,3297,150,289,176,246,229,137,188,167
1218452,8360,-8670,-10877,-2253,3425,5267,-629,233,-609,3051,150,289,176,246,229,137,188,167
1219309,8360,-8670,-10877,-2253,3425,5267,-629,233,-609,3051,168,258,180,252,234,139,226,182
1220067,8360,-8670,-10877,-2253,3425,5267,-629,233,-609,3051,168,258,180,252,234,139,226,182
1225121,8360,-8670,-10877,-2253,3425,5267,-629,233,-609,3051,168,258,180,252,234,139,226,182
1225898,8360,-8670,-10877,-2253,3425,5267,-629,233,-609,3051,168,258,180,252,234,139,226,182
1226760,8360,-8670,-10877,-2253,3425,5267,-629,233,-609,3051,168,258,180,252,234,139,226,182
1227521,8360,-8670,-10877,-2253,3425,5267,-629,233,-609,3051,168,258,180,252,234,139,226,182
1232569,8360,-8670,-10877,-2253,3425,5267,-629,233,-609,3051,168,258,180,252,234,139,226,182
1233342,8360,-8670,-10877,-2253,3425,5267,-629,233,-609,3051,168,258,180,252,234,139,226,182
1234160,8360,-8670,-10877,-2253,3425,5267,-629,233,-609,3051,168,258,180,252,234,139,226,182
1234943,8360,-8670,-10877,-2253,3425,5267,-629,233,-609,3051,168,258,180,252,234,139,226,182
1240039,8360,-8670,-10877,-2253,3425,5267,-629,233,-609,3051,168,258,180,252,234,139,226,182
1240976,8314,-8983,-10714,-1955,3406,5077,-624,142,-787,2765,168,258,180,252,234,139,226,182
1241771,8314,-8983,-10714,-1955,3406,5077,-624,142,-787,2765,176,241,170,250,224,149,265,199
1242617,8314,-8983,-10714,-1955,3406,5077,-624,142,-787,2765,176,241,170,250,224,149,265,199
1247623,8314,-8983,-10714,-1955,3406,5077,-624,142,-787,2765,176,241,170,250,224,149,265,199
1248436,8314,-8983,-10714,-1955,3406,5077,-624,142,-787,2765,176,241,170,250,224,149,265,199
1249239,8314,-8983,-10714,-1955,3406,5077,-624,142,-787,2765,176,241,170,250,224,149,265,199
1250068,8314,-8983,-10714,-1955,3406,5077,-624,142,-787,2765,176,241,170,250,224,149,265,199
1255064,8314,-8983,-10714,-1955,3406,5077,-624,142,-787,2765,176,241,170,250,224,149,265,199
1255818,8314,-8983,-10714,-1955,3406,5077,-624,142,-787,2765,176,241,170,250,224,149,265,199
1256684,8314,-8983,-10714,-1955,3406,5077,-624,142,-787,2765,176,241,170,250,224,149,265,199
1257446,8314,-8983,-10714,-1955,3406,5077,-624,142,-787,2765,176,241,170,250,224,149,265,199
1262560,8314,-8983,-10714,-1955,3406,5077,-624,142,-787,2765,176,241,170,250,224,149,265,199
1263451,8233,-9242,-10601,-1695,3362,4863,-788,86,-898,2267,176,241,170,250,224,149,265,199
1264291,8233,-9242,-10601,-1695,3362,4863,-788,86,-898,2267,161,218,167,238,222,152,382,200
1265114,8233,-9242,-10601,-1695,3362,4863,-788,86,-898,2267,161,218,167,238,222,152,382,200
1270095,8233,-9242,-10601,-1695,3362,4863,-788,86,-898,2267,161,218,167,238,222,152,382,200
1270919,8233,-9242,-10601,-1695,3362,4863,-788,86,-898,2267,161,218,167,238,222,152,382,200
1271720,8233,-9242,-10601,-1695,3362,4863,-788,86,-898,2267,161,218,167,238,222,152,382,200
1272548,8233,-9242,-10601,-1695,3362,4863,-788,86,-898,2267,161,218,167,238,222,152,382,200
1277520,8233,-9242,-10601,-1695,3362,4863,-788,86,-898,2267,161,218,167,238,222,152,382,200
1278299,8233,-9242,-10601,-1695,3362,4863,-788,86,-898,2267,161,218,167,238,222,152,382,200
1279108,8233,-9242,-10601,-1695,3362,4863,-788,86,-898,2267,161,218,167,238,222,152,382,200
1279918,8233,-9242,-10601,-1695,3362,4863,-788,86,-898,2267,161,218,167,238,222,152,382,200
1284967,8233,-9242,-10601,-1695,3362,4863,-788,86,-898,2267,161,218,167,238,222,152,382,200
1285920,8168,-9435,-10513,-1481,3423,4696,-910,183,-738,1823,161,218,167,238,222,152,382,200
1286717,8168,-9435,-10513,-1481,3423,4696,-910,183,-738,1823,161,205,180,253,241,191,491,208
1287617,8168,-9435,-10513,-1481,3423,4696,-910,183,-738,1823,161,205,180,253,241,191,491,208
1291919,8168,-9435,-10513,-1481,3423,4696,-910,183,-738,1823,161,205,180,253,241,191,491,208
1292769,8168,-9435,-10513,-1481,3423,4696,-910,183,-738,1823,161,205,180,253,241,191,491,208
1293545,8168,-9435,-10513,-1481,3423,4696,-910,183,-738,1823,161,205,180,253,241,191,491,208
1294377,8168,-9435,-10513,-1481,3423,4696,-910,183,-738,1823,161,205,180,253,241,191,491,208
1297994,8168,-9435,-10513,-1481,3423,4696,-910,183,-738,1823,49,53,105,74,180,98,144,98
1298836,8168,-9435,-10513,-1481,3423,4696,-910,183,-738,1823,49,53,105,74,180,98,144,98
1304971,6527,-8053,-12047,-3985,2844,5209,-651,-657,-591,-2158,49,53,105,74,180,98,144,98
1320515,6527,-8053,-12047,-3985,2844,5209,-651,-657,-591,-2158,55,89,93,79,173,104,125,108
1321320,6527,-8053,-12047,-3985,2844,5209,-651,-657,-591,-2158,55,89,93,79,173,104,125,108
1327543,6222,-7735,-12324,-4247,2771,5319,-658,-736,-674,-2937,55,89,93,79,173,104,125,108
1335493,6222,-7735,-12324,-4247,2771,5319,-658,-736,-674,-2937,116,105,99,104,254,110,172,247
1336337,6222,-7735,-12324,-4247,2771,5319,-658,-736,-674,-2937,116,105,99,104,254,110,172,247
1352595,5840,-7348,-12641,-4534,2580,5357,-641,-862,-924,-3521,116,105,99,104,254,110,172,247
1353422,5840,-7348,-12641,-4534,2580,5357,-641,-862,-924,-3521,116,105,99,104,254,110,172,247
1354242,5840,-7348,-12641,-4534,2580,5357,-641,-862,-924,-3521,155,189,199,267,231,180,546,197
1355051,5840,-7348,-12641,-4534,2580,5357,-641,-862,-924,-3521,155,189,199,267,231,180,546,197
